  0.00000e+00   0.00000e+00    0.00000e+00   1.00000e+00    0.00000e+00   0.00000e+00  
  1.00000e-02   2.94454e-02    1.00000e-02   9.93962e-01    1.00000e-02   1.46929e-04  
  2.00000e-02   5.79572e-02    2.00000e-02   9.95619e-01    2.00000e-02   5.78702e-04  
  3.00000e-02   8.57859e-02    3.00000e-02   1.00468e+00    3.00000e-02   1.28866e-03  
  4.00000e-02   1.13167e-01    4.00000e-02   1.02093e+00    4.00000e-02   2.27863e-03  
  5.00000e-02   1.40324e-01    5.00000e-02   1.04419e+00    5.00000e-02   3.55831e-03  
  6.00000e-02   1.67469e-01    6.00000e-02   1.07438e+00    6.00000e-02   5.14497e-03  
  7.00000e-02   1.94805e-01    7.00000e-02   1.11144e+00    7.00000e-02   7.06343e-03  
  8.00000e-02   2.22531e-01    8.00000e-02   1.15538e+00    8.00000e-02   9.34612e-03  
  9.00000e-02   2.50840e-01    9.00000e-02   1.20626e+00    9.00000e-02   1.20336e-02  
  1.00000e-01   2.79919e-01    1.00000e-01   1.26418e+00    1.00000e-01   1.51749e-02  
  1.10000e-01   3.09958e-01    1.10000e-01   1.32931e+00    1.10000e-01   1.88286e-02  
  1.20000e-01   3.41143e-01    1.20000e-01   1.40183e+00    1.20000e-01   2.30637e-02  
  1.30000e-01   3.73663e-01    1.30000e-01   1.48201e+00    1.30000e-01   2.79608e-02  
  1.40000e-01   4.07708e-01    1.40000e-01   1.57013e+00    1.40000e-01   3.36136e-02  
  1.50000e-01   4.43474e-01    1.50000e-01   1.66654e+00    1.50000e-01   4.01305e-02  
  1.60000e-01   4.81159e-01    1.60000e-01   1.77162e+00    1.60000e-01   4.76371e-02  
  1.70000e-01   5.20971e-01    1.70000e-01   1.88582e+00    1.70000e-01   5.62781e-02  
  1.80000e-01   5.63123e-01    1.80000e-01   2.00960e+00    1.80000e-01   6.62202e-02  
  1.90000e-01   6.07836e-01    1.90000e-01   2.14352e+00    1.90000e-01   7.76553e-02  
  2.00000e-01   6.55343e-01    2.00000e-01   2.28815e+00    2.00000e-01   9.08041e-02  
  2.10000e-01   7.05887e-01    2.10000e-01   2.44412e+00    2.10000e-01   1.05920e-01  
  2.20000e-01   7.59724e-01    2.20000e-01   2.61213e+00    2.20000e-01   1.23295e-01  
  2.30000e-01   8.17123e-01    2.30000e-01   2.79291e+00    2.30000e-01   1.43264e-01  
  2.40000e-01   8.78369e-01    2.40000e-01   2.98728e+00    2.40000e-01   1.66210e-01  
  2.50000e-01   9.43761e-01    2.50000e-01   3.19608e+00    2.50000e-01   1.92575e-01  
  2.60000e-01   1.01362e+00    2.60000e-01   3.42023e+00    2.60000e-01   2.22866e-01  
  2.70000e-01   1.08827e+00    2.70000e-01   3.66071e+00    2.70000e-01   2.57661e-01  
  2.80000e-01   1.16808e+00    2.80000e-01   3.91855e+00    2.80000e-01   2.97626e-01  
  2.90000e-01   1.25343e+00    2.90000e-01   4.19484e+00    2.90000e-01   3.43524e-01  
  3.00000e-01   1.34471e+00    3.00000e-01   4.49075e+00    3.00000e-01   3.96225e-01  
  3.10000e-01   1.44234e+00    3.10000e-01   4.80748e+00    3.10000e-01   4.56729e-01  
  3.20000e-01   1.54677e+00    3.20000e-01   5.14630e+00    3.20000e-01   5.26177e-01  
  3.30000e-01   1.65847e+00    3.30000e-01   5.50851e+00    3.30000e-01   6.05872e-01  
  3.40000e-01   1.77794e+00    3.40000e-01   5.89547e+00    3.40000e-01   6.97303e-01  
  3.50000e-01   1.90570e+00    3.50000e-01   6.30858e+00    3.50000e-01   8.02165e-01  
  3.60000e-01   2.04230e+00    3.60000e-01   6.74922e+00    3.60000e-01   9.22390e-01  
  3.70000e-01   2.18831e+00    3.70000e-01   7.21880e+00    3.70000e-01   1.06017e+00  
  3.80000e-01   2.34433e+00    3.80000e-01   7.71870e+00    3.80000e-01   1.21801e+00  
  3.90000e-01   2.51098e+00    3.90000e-01   8.25024e+00    3.90000e-01   1.39872e+00  
  4.00000e-01   2.68890e+00    4.00000e-01   8.81467e+00    4.00000e-01   1.60549e+00  
  4.10000e-01   2.87875e+00    4.10000e-01   9.41307e+00    4.10000e-01   1.84191e+00  
  4.20000e-01   3.08119e+00    4.20000e-01   1.00464e+01    4.20000e-01   2.11203e+00  
  4.30000e-01   3.29688e+00    4.30000e-01   1.07152e+01    4.30000e-01   2.42036e+00  
  4.40000e-01   3.52650e+00    4.40000e-01   1.14198e+01    4.40000e-01   2.77192e+00  
  4.50000e-01   3.77069e+00    4.50000e-01   1.21602e+01    4.50000e-01   3.17231e+00  
  4.60000e-01   4.03007e+00    4.60000e-01   1.29355e+01    4.60000e-01   3.62767e+00  
  4.70000e-01   4.30520e+00    4.70000e-01   1.37444e+01    4.70000e-01   4.14472e+00  
  4.80000e-01   4.59658e+00    4.80000e-01   1.45846e+01    4.80000e-01   4.73075e+00  
  4.90000e-01   4.90459e+00    4.90000e-01   1.54527e+01    4.90000e-01   5.39358e+00  
  5.00000e-01   5.22953e+00    5.00000e-01   1.63441e+01    5.00000e-01   6.14149e+00  
  5.10000e-01   5.57147e+00    5.10000e-01   1.72528e+01    5.10000e-01   6.98311e+00  
  5.20000e-01   5.93033e+00    5.20000e-01   1.81709e+01    5.20000e-01   7.92724e+00  
  5.30000e-01   6.30574e+00    5.30000e-01   1.90886e+01    5.30000e-01   8.98263e+00  
  5.40000e-01   6.69702e+00    5.40000e-01   1.99939e+01    5.40000e-01   1.01576e+01  
  5.50000e-01   7.10314e+00    5.50000e-01   2.08724e+01    5.50000e-01   1.14598e+01  
  5.60000e-01   7.52261e+00    5.60000e-01   2.17070e+01    5.60000e-01   1.28954e+01  
  5.70000e-01   7.95346e+00    5.70000e-01   2.24781e+01    5.70000e-01   1.44688e+01  
  5.80000e-01   8.39314e+00    5.80000e-01   2.31634e+01    5.80000e-01   1.61817e+01  
  5.90000e-01   8.83851e+00    5.90000e-01   2.37384e+01    5.90000e-01   1.80322e+01  
  6.00000e-01   9.28575e+00    6.00000e-01   2.41764e+01    6.00000e-01   2.00145e+01  
  6.10000e-01   9.73034e+00    6.10000e-01   2.44500e+01    6.10000e-01   2.21172e+01  
  6.20000e-01   1.01671e+01    6.20000e-01   2.45312e+01    6.20000e-01   2.43236e+01  
  6.30000e-01   1.05901e+01    6.30000e-01   2.43934e+01    6.30000e-01   2.66101e+01  
  6.40000e-01   1.09930e+01    6.40000e-01   2.40126e+01    6.40000e-01   2.89468e+01  
  6.50000e-01   1.13689e+01    6.50000e-01   2.33696e+01    6.50000e-01   3.12974e+01  
  6.60000e-01   1.17107e+01    6.60000e-01   2.24514e+01    6.60000e-01   3.36198e+01  
  6.70000e-01   1.20110e+01    6.70000e-01   2.12530e+01    6.70000e-01   3.58674e+01  
  6.80000e-01   1.22629e+01    6.80000e-01   1.97794e+01    6.80000e-01   3.79913e+01  
  6.90000e-01   1.24599e+01    6.90000e-01   1.80460e+01    6.90000e-01   3.99425e+01  
  7.00000e-01   1.25963e+01    7.00000e-01   1.60792e+01    7.00000e-01   4.16748e+01  
  7.10000e-01   1.26676e+01    7.10000e-01   1.39153e+01    7.10000e-01   4.31475e+01  
  7.20000e-01   1.26704e+01    7.20000e-01   1.15995e+01    7.20000e-01   4.43281e+01  
  7.30000e-01   1.26030e+01    7.30000e-01   9.18349e+00    7.30000e-01   4.51949e+01  
  7.40000e-01   1.24654e+01    7.40000e-01   6.72224e+00    7.40000e-01   4.57377e+01  
  7.50000e-01   1.22592e+01    7.50000e-01   4.27109e+00    7.50000e-01   4.59589e+01  
  7.60000e-01   1.19874e+01    7.60000e-01   1.88254e+00    7.60000e-01   4.58723e+01  
  7.70000e-01   1.16546e+01    7.70000e-01  -3.96599e-01    7.70000e-01   4.55024e+01  
  7.80000e-01   1.12664e+01    7.80000e-01  -2.52729e+00    7.80000e-01   4.48818e+01  
  7.90000e-01   1.08293e+01    7.90000e-01  -4.47962e+00    7.90000e-01   4.40487e+01  
  8.00000e-01   1.03503e+01    8.00000e-01  -6.23336e+00    8.00000e-01   4.30446e+01  
  8.10000e-01   9.83672e+00    8.10000e-01  -7.77767e+00    8.10000e-01   4.19113e+01  
  8.20000e-01   9.29582e+00    8.20000e-01  -9.11029e+00    8.20000e-01   4.06893e+01  
  8.30000e-01   8.73462e+00    8.30000e-01  -1.02362e+01    8.30000e-01   3.94155e+01  
  8.40000e-01   8.15967e+00    8.40000e-01  -1.11662e+01    8.40000e-01   3.81229e+01  
  8.50000e-01   7.57696e+00    8.50000e-01  -1.19152e+01    8.50000e-01   3.68392e+01  
  8.60000e-01   6.99180e+00    8.60000e-01  -1.25009e+01    8.60000e-01   3.55872e+01  
  8.70000e-01   6.40882e+00    8.70000e-01  -1.29424e+01    8.70000e-01   3.43845e+01  
  8.80000e-01   5.83192e+00    8.80000e-01  -1.32591e+01    8.80000e-01   3.32443e+01  
  8.90000e-01   5.26432e+00    8.90000e-01  -1.34700e+01    8.90000e-01   3.21755e+01  
  9.00000e-01   4.70862e+00    9.00000e-01  -1.35930e+01    9.00000e-01   3.11839e+01  
  9.10000e-01   4.16680e+00    9.10000e-01  -1.36444e+01    9.10000e-01   3.02723e+01  
  9.20000e-01   3.64035e+00    9.20000e-01  -1.36391e+01    9.20000e-01   2.94413e+01  
  9.30000e-01   3.13031e+00    9.30000e-01  -1.35898e+01    9.30000e-01   2.86899e+01  
  9.40000e-01   2.63730e+00    9.40000e-01  -1.35078e+01    9.40000e-01   2.80158e+01  
  9.50000e-01   2.16166e+00    9.50000e-01  -1.34025e+01    9.50000e-01   2.74159e+01  
  9.60000e-01   1.70343e+00    9.60000e-01  -1.32817e+01    9.60000e-01   2.68868e+01  
  9.70000e-01   1.26247e+00    9.70000e-01  -1.31520e+01    9.70000e-01   2.64244e+01  
  9.80000e-01   8.38437e-01    9.80000e-01  -1.30183e+01    9.80000e-01   2.60249e+01  
  9.90000e-01   4.30895e-01    9.90000e-01  -1.28848e+01    9.90000e-01   2.56843e+01  
  1.00000e+00   3.93042e-02    1.00000e+00  -1.27544e+01    1.00000e+00   2.53989e+01  
  1.01000e+00  -3.36936e-01    1.01000e+00  -1.26294e+01    1.01000e+00   2.51652e+01  
  1.02000e+00  -6.98461e-01    1.02000e+00  -1.25112e+01    1.02000e+00   2.49797e+01  
  1.03000e+00  -1.04592e+00    1.03000e+00  -1.24006e+01    1.03000e+00   2.48394e+01  
  1.04000e+00  -1.37996e+00    1.04000e+00  -1.22980e+01    1.04000e+00   2.47414e+01  
  1.05000e+00  -1.70120e+00    1.05000e+00  -1.22031e+01    1.05000e+00   2.46831e+01  
  1.06000e+00  -2.01026e+00    1.06000e+00  -1.21155e+01    1.06000e+00   2.46621e+01  
  1.07000e+00  -2.30770e+00    1.07000e+00  -1.20344e+01    1.07000e+00   2.46763e+01  
  1.08000e+00  -2.59403e+00    1.08000e+00  -1.19586e+01    1.08000e+00   2.47234e+01  
  1.09000e+00  -2.86972e+00    1.09000e+00  -1.18869e+01    1.09000e+00   2.48016e+01  
  1.10000e+00  -3.13519e+00    1.10000e+00  -1.18178e+01    1.10000e+00   2.49090e+01  
  1.11000e+00  -3.39079e+00    1.11000e+00  -1.17497e+01    1.11000e+00   2.50438e+01  
  1.12000e+00  -3.63681e+00    1.12000e+00  -1.16810e+01    1.12000e+00   2.52043e+01  
  1.13000e+00  -3.87351e+00    1.13000e+00  -1.16098e+01    1.13000e+00   2.53888e+01  
  1.14000e+00  -4.10104e+00    1.14000e+00  -1.15343e+01    1.14000e+00   2.55954e+01  
  1.15000e+00  -4.31953e+00    1.15000e+00  -1.14527e+01    1.15000e+00   2.58223e+01  
  1.16000e+00  -4.52904e+00    1.16000e+00  -1.13632e+01    1.16000e+00   2.60677e+01  
  1.17000e+00  -4.72957e+00    1.17000e+00  -1.12640e+01    1.17000e+00   2.63296e+01  
  1.18000e+00  -4.92108e+00    1.18000e+00  -1.11535e+01    1.18000e+00   2.66059e+01  
  1.19000e+00  -5.10347e+00    1.19000e+00  -1.10300e+01    1.19000e+00   2.68945e+01  
  1.20000e+00  -5.27662e+00    1.20000e+00  -1.08921e+01    1.20000e+00   2.71930e+01  
  1.21000e+00  -5.44034e+00    1.21000e+00  -1.07386e+01    1.21000e+00   2.74993e+01  
  1.22000e+00  -5.59444e+00    1.22000e+00  -1.05683e+01    1.22000e+00   2.78107e+01  
  1.23000e+00  -5.73870e+00    1.23000e+00  -1.03803e+01    1.23000e+00   2.81247e+01  
  1.24000e+00  -5.87286e+00    1.24000e+00  -1.01741e+01    1.24000e+00   2.84387e+01  
  1.25000e+00  -5.99668e+00    1.25000e+00  -9.94906e+00    1.25000e+00   2.87500e+01  
  1.26000e+00  -6.10992e+00    1.26000e+00  -9.70523e+00    1.26000e+00   2.90560e+01  
  1.27000e+00  -6.21232e+00    1.27000e+00  -9.44272e+00    1.27000e+00   2.93540e+01  
  1.28000e+00  -6.30367e+00    1.28000e+00  -9.16197e+00    1.28000e+00   2.96413e+01  
  1.29000e+00  -6.38376e+00    1.29000e+00  -8.86374e+00    1.29000e+00   2.99154e+01  
  1.30000e+00  -6.45242e+00    1.30000e+00  -8.54903e+00    1.30000e+00   3.01739e+01  
  1.31000e+00  -6.50952e+00    1.31000e+00  -8.21912e+00    1.31000e+00   3.04144e+01  
  1.32000e+00  -6.55498e+00    1.32000e+00  -7.87558e+00    1.32000e+00   3.06350e+01  
  1.33000e+00  -6.58875e+00    1.33000e+00  -7.52014e+00    1.33000e+00   3.08336e+01  
  1.34000e+00  -6.61088e+00    1.34000e+00  -7.15479e+00    1.34000e+00   3.10088e+01  
  1.35000e+00  -6.62143e+00    1.35000e+00  -6.78164e+00    1.35000e+00   3.11590e+01  
  1.36000e+00  -6.62055e+00    1.36000e+00  -6.40294e+00    1.36000e+00   3.12834e+01  
  1.37000e+00  -6.60845e+00    1.37000e+00  -6.02100e+00    1.37000e+00   3.13810e+01  
  1.38000e+00  -6.58540e+00    1.38000e+00  -5.63819e+00    1.38000e+00   3.14514e+01  
  1.39000e+00  -6.55174e+00    1.39000e+00  -5.25687e+00    1.39000e+00   3.14945e+01  
  1.40000e+00  -6.50785e+00    1.40000e+00  -4.87936e+00    1.40000e+00   3.15105e+01  
  1.41000e+00  -6.45419e+00    1.41000e+00  -4.50787e+00    1.41000e+00   3.14996e+01  
  1.42000e+00  -6.39125e+00    1.42000e+00  -4.14451e+00    1.42000e+00   3.14626e+01  
  1.43000e+00  -6.31957e+00    1.43000e+00  -3.79125e+00    1.43000e+00   3.14005e+01  
  1.44000e+00  -6.23975e+00    1.44000e+00  -3.44987e+00    1.44000e+00   3.13142e+01  
  1.45000e+00  -6.15239e+00    1.45000e+00  -3.12196e+00    1.45000e+00   3.12052e+01  
  1.46000e+00  -6.05814e+00    1.46000e+00  -2.80890e+00    1.46000e+00   3.10747e+01  
  1.47000e+00  -5.95766e+00    1.47000e+00  -2.51185e+00    1.47000e+00   3.09245e+01  
  1.48000e+00  -5.85162e+00    1.48000e+00  -2.23175e+00    1.48000e+00   3.07561e+01  
  1.49000e+00  -5.74069e+00    1.49000e+00  -1.96932e+00    1.49000e+00   3.05711e+01  
  1.50000e+00  -5.62556e+00    1.50000e+00  -1.72507e+00    1.50000e+00   3.03713e+01  
  1.51000e+00  -5.50688e+00    1.51000e+00  -1.49932e+00    1.51000e+00   3.01584e+01  
  1.52000e+00  -5.38532e+00    1.52000e+00  -1.29217e+00    1.52000e+00   2.99338e+01  
  1.53000e+00  -5.26150e+00    1.53000e+00  -1.10358e+00    1.53000e+00   2.96994e+01  
  1.54000e+00  -5.13604e+00    1.54000e+00  -9.33335e-01    1.54000e+00   2.94565e+01  
  1.55000e+00  -5.00953e+00    1.55000e+00  -7.81085e-01    1.55000e+00   2.92066e+01  
  1.56000e+00  -4.88252e+00    1.56000e+00  -6.46365e-01    1.56000e+00   2.89510e+01  
  1.57000e+00  -4.75553e+00    1.57000e+00  -5.28610e-01    1.57000e+00   2.86911e+01  
  1.58000e+00  -4.62906e+00    1.58000e+00  -4.27171e-01    1.58000e+00   2.84279e+01  
  1.59000e+00  -4.50356e+00    1.59000e+00  -3.41337e-01    1.59000e+00   2.81624e+01  
  1.60000e+00  -4.37946e+00    1.60000e+00  -2.70350e-01    1.60000e+00   2.78956e+01  
  1.61000e+00  -4.25714e+00    1.61000e+00  -2.13419e-01    1.61000e+00   2.76284e+01  
  1.62000e+00  -4.13695e+00    1.62000e+00  -1.69732e-01    1.62000e+00   2.73615e+01  
  1.63000e+00  -4.01921e+00    1.63000e+00  -1.38474e-01    1.63000e+00   2.70954e+01  
  1.64000e+00  -3.90419e+00    1.64000e+00  -1.18829e-01    1.64000e+00   2.68309e+01  
  1.65000e+00  -3.79216e+00    1.65000e+00  -1.09997e-01    1.65000e+00   2.65682e+01  
  1.66000e+00  -3.68333e+00    1.66000e+00  -1.11197e-01    1.66000e+00   2.63080e+01  
  1.67000e+00  -3.57789e+00    1.67000e+00  -1.21673e-01    1.67000e+00   2.60504e+01  
  1.68000e+00  -3.47601e+00    1.68000e+00  -1.40701e-01    1.68000e+00   2.57958e+01  
  1.69000e+00  -3.37782e+00    1.69000e+00  -1.67595e-01    1.69000e+00   2.55443e+01  
  1.70000e+00  -3.28343e+00    1.70000e+00  -2.01702e-01    1.70000e+00   2.52962e+01  
  1.71000e+00  -3.19294e+00    1.71000e+00  -2.42413e-01    1.71000e+00   2.50517e+01  
  1.72000e+00  -3.10642e+00    1.72000e+00  -2.89159e-01    1.72000e+00   2.48107e+01  
  1.73000e+00  -3.02392e+00    1.73000e+00  -3.41413e-01    1.73000e+00   2.45734e+01  
  1.74000e+00  -2.94548e+00    1.74000e+00  -3.98691e-01    1.74000e+00   2.43399e+01  
  1.75000e+00  -2.87112e+00    1.75000e+00  -4.60549e-01    1.75000e+00   2.41101e+01  
  1.76000e+00  -2.80084e+00    1.76000e+00  -5.26584e-01    1.76000e+00   2.38842e+01  
  1.77000e+00  -2.73466e+00    1.77000e+00  -5.96434e-01    1.77000e+00   2.36620e+01  
  1.78000e+00  -2.67255e+00    1.78000e+00  -6.69775e-01    1.78000e+00   2.34435e+01  
  1.79000e+00  -2.61448e+00    1.79000e+00  -7.46319e-01    1.79000e+00   2.32289e+01  
  1.80000e+00  -2.56044e+00    1.80000e+00  -8.25816e-01    1.80000e+00   2.30180e+01  
  1.81000e+00  -2.51039e+00    1.81000e+00  -9.08046e-01    1.81000e+00   2.28108e+01  
  1.82000e+00  -2.46429e+00    1.82000e+00  -9.92825e-01    1.82000e+00   2.26073e+01  
  1.83000e+00  -2.42209e+00    1.83000e+00  -1.08000e+00    1.83000e+00   2.24076e+01  
  1.84000e+00  -2.38375e+00    1.84000e+00  -1.16943e+00    1.84000e+00   2.22115e+01  
  1.85000e+00  -2.34921e+00    1.85000e+00  -1.26103e+00    1.85000e+00   2.20191e+01  
  1.86000e+00  -2.31844e+00    1.86000e+00  -1.35472e+00    1.86000e+00   2.18304e+01  
  1.87000e+00  -2.29137e+00    1.87000e+00  -1.45045e+00    1.87000e+00   2.16453e+01  
  1.88000e+00  -2.26797e+00    1.88000e+00  -1.54818e+00    1.88000e+00   2.14639e+01  
  1.89000e+00  -2.24817e+00    1.89000e+00  -1.64792e+00    1.89000e+00   2.12863e+01  
  1.90000e+00  -2.23194e+00    1.90000e+00  -1.74966e+00    1.90000e+00   2.11123e+01  
  1.91000e+00  -2.21922e+00    1.91000e+00  -1.85343e+00    1.91000e+00   2.09421e+01  
  1.92000e+00  -2.20998e+00    1.92000e+00  -1.95929e+00    1.92000e+00   2.07758e+01  
  1.93000e+00  -2.20417e+00    1.93000e+00  -2.06728e+00    1.93000e+00   2.06132e+01  
  1.94000e+00  -2.20175e+00    1.94000e+00  -2.17748e+00    1.94000e+00   2.04547e+01  
  1.95000e+00  -2.20270e+00    1.95000e+00  -2.28997e+00    1.95000e+00   2.03001e+01  
  1.96000e+00  -2.20698e+00    1.96000e+00  -2.40484e+00    1.96000e+00   2.01496e+01  
  1.97000e+00  -2.21456e+00    1.97000e+00  -2.52221e+00    1.97000e+00   2.00033e+01  
  1.98000e+00  -2.22543e+00    1.98000e+00  -2.64219e+00    1.98000e+00   1.98613e+01  
  1.99000e+00  -2.23956e+00    1.99000e+00  -2.76489e+00    1.99000e+00   1.97237e+01  
  2.00000e+00  -2.25695e+00    2.00000e+00  -2.89045e+00    2.00000e+00   1.95907e+01  
  2.01000e+00  -2.27757e+00    2.01000e+00  -3.01901e+00    2.01000e+00   1.94624e+01  
  2.02000e+00  -2.30143e+00    2.02000e+00  -3.15069e+00    2.02000e+00   1.93390e+01  
  2.03000e+00  -2.32853e+00    2.03000e+00  -3.28565e+00    2.03000e+00   1.92207e+01  
  2.04000e+00  -2.35886e+00    2.04000e+00  -3.42403e+00    2.04000e+00   1.91077e+01  
  2.05000e+00  -2.39244e+00    2.05000e+00  -3.56597e+00    2.05000e+00   1.90002e+01  
  2.06000e+00  -2.42928e+00    2.06000e+00  -3.71162e+00    2.06000e+00   1.88984e+01  
  2.07000e+00  -2.46939e+00    2.07000e+00  -3.86111e+00    2.07000e+00   1.88026e+01  
  2.08000e+00  -2.51279e+00    2.08000e+00  -4.01460e+00    2.08000e+00   1.87131e+01  
  2.09000e+00  -2.55950e+00    2.09000e+00  -4.17220e+00    2.09000e+00   1.86302e+01  
  2.10000e+00  -2.60956e+00    2.10000e+00  -4.33405e+00    2.10000e+00   1.85542e+01  
  2.11000e+00  -2.66298e+00    2.11000e+00  -4.50026e+00    2.11000e+00   1.84854e+01  
  2.12000e+00  -2.71981e+00    2.12000e+00  -4.67093e+00    2.12000e+00   1.84243e+01  
  2.13000e+00  -2.78006e+00    2.13000e+00  -4.84615e+00    2.13000e+00   1.83712e+01  
  2.14000e+00  -2.84378e+00    2.14000e+00  -5.02600e+00    2.14000e+00   1.83265e+01  
  2.15000e+00  -2.91101e+00    2.15000e+00  -5.21052e+00    2.15000e+00   1.82906e+01  
  2.16000e+00  -2.98176e+00    2.16000e+00  -5.39974e+00    2.16000e+00   1.82642e+01  
  2.17000e+00  -3.05610e+00    2.17000e+00  -5.59367e+00    2.17000e+00   1.82476e+01  
  2.18000e+00  -3.13403e+00    2.18000e+00  -5.79226e+00    2.18000e+00   1.82413e+01  
  2.19000e+00  -3.21560e+00    2.19000e+00  -5.99545e+00    2.19000e+00   1.82460e+01  
  2.20000e+00  -3.30083e+00    2.20000e+00  -6.20314e+00    2.20000e+00   1.82622e+01  
  2.21000e+00  -3.38974e+00    2.21000e+00  -6.41516e+00    2.21000e+00   1.82904e+01  
  2.22000e+00  -3.48236e+00    2.22000e+00  -6.63132e+00    2.22000e+00   1.83315e+01  
  2.23000e+00  -3.57868e+00    2.23000e+00  -6.85135e+00    2.23000e+00   1.83859e+01  
  2.24000e+00  -3.67872e+00    2.24000e+00  -7.07493e+00    2.24000e+00   1.84544e+01  
  2.25000e+00  -3.78245e+00    2.25000e+00  -7.30166e+00    2.25000e+00   1.85376e+01  
  2.26000e+00  -3.88986e+00    2.26000e+00  -7.53108e+00    2.26000e+00   1.86362e+01  
  2.27000e+00  -4.00091e+00    2.27000e+00  -7.76263e+00    2.27000e+00   1.87510e+01  
  2.28000e+00  -4.11554e+00    2.28000e+00  -7.99566e+00    2.28000e+00   1.88826e+01  
  2.29000e+00  -4.23369e+00    2.29000e+00  -8.22945e+00    2.29000e+00   1.90317e+01  
  2.30000e+00  -4.35525e+00    2.30000e+00  -8.46314e+00    2.30000e+00   1.91990e+01  
  2.31000e+00  -4.48012e+00    2.31000e+00  -8.69581e+00    2.31000e+00   1.93851e+01  
  2.32000e+00  -4.60814e+00    2.32000e+00  -8.92637e+00    2.32000e+00   1.95906e+01  
  2.33000e+00  -4.73915e+00    2.33000e+00  -9.15365e+00    2.33000e+00   1.98161e+01  
  2.34000e+00  -4.87294e+00    2.34000e+00  -9.37636e+00    2.34000e+00   2.00621e+01  
  2.35000e+00  -5.00927e+00    2.35000e+00  -9.59306e+00    2.35000e+00   2.03288e+01  
  2.36000e+00  -5.14787e+00    2.36000e+00  -9.80223e+00    2.36000e+00   2.06166e+01  
  2.37000e+00  -5.28842e+00    2.37000e+00  -1.00022e+01    2.37000e+00   2.09257e+01  
  2.38000e+00  -5.43057e+00    2.38000e+00  -1.01912e+01    2.38000e+00   2.12560e+01  
  2.39000e+00  -5.57391e+00    2.39000e+00  -1.03673e+01    2.39000e+00   2.16074e+01  
  2.40000e+00  -5.71801e+00    2.40000e+00  -1.05286e+01    2.40000e+00   2.19794e+01  
  2.41000e+00  -5.86238e+00    2.41000e+00  -1.06730e+01    2.41000e+00   2.23716e+01  
  2.42000e+00  -6.00646e+00    2.42000e+00  -1.07984e+01    2.42000e+00   2.27831e+01  
  2.43000e+00  -6.14969e+00    2.43000e+00  -1.09028e+01    2.43000e+00   2.32127e+01  
  2.44000e+00  -6.29143e+00    2.44000e+00  -1.09840e+01    2.44000e+00   2.36593e+01  
  2.45000e+00  -6.43102e+00    2.45000e+00  -1.10399e+01    2.45000e+00   2.41211e+01  
  2.46000e+00  -6.56772e+00    2.46000e+00  -1.10685e+01    2.46000e+00   2.45961e+01  
  2.47000e+00  -6.70081e+00    2.47000e+00  -1.10680e+01    2.47000e+00   2.50823e+01  
  2.48000e+00  -6.82949e+00    2.48000e+00  -1.10366e+01    2.48000e+00   2.55769e+01  
  2.49000e+00  -6.95297e+00    2.49000e+00  -1.09729e+01    2.49000e+00   2.60772e+01  
  2.50000e+00  -7.07041e+00    2.50000e+00  -1.08756e+01    2.50000e+00   2.65802e+01  
  2.51000e+00  -7.18100e+00    2.51000e+00  -1.07438e+01    2.51000e+00   2.70824e+01  
  2.52000e+00  -7.28391e+00    2.52000e+00  -1.05770e+01    2.52000e+00   2.75803e+01  
  2.53000e+00  -7.37832e+00    2.53000e+00  -1.03749e+01    2.53000e+00   2.80703e+01  
  2.54000e+00  -7.46345e+00    2.54000e+00  -1.01379e+01    2.54000e+00   2.85486e+01  
  2.55000e+00  -7.53854e+00    2.55000e+00  -9.86667e+00    2.55000e+00   2.90114e+01  
  2.56000e+00  -7.60291e+00    2.56000e+00  -9.56241e+00    2.56000e+00   2.94548e+01  
  2.57000e+00  -7.65591e+00    2.57000e+00  -9.22676e+00    2.57000e+00   2.98751e+01  
  2.58000e+00  -7.69699e+00    2.58000e+00  -8.86186e+00    2.58000e+00   3.02689e+01  
  2.59000e+00  -7.72566e+00    2.59000e+00  -8.47026e+00    2.59000e+00   3.06329e+01  
  2.60000e+00  -7.74155e+00    2.60000e+00  -8.05492e+00    2.60000e+00   3.09641e+01  
  2.61000e+00  -7.74439e+00    2.61000e+00  -7.61914e+00    2.61000e+00   3.12600e+01  
  2.62000e+00  -7.73400e+00    2.62000e+00  -7.16651e+00    2.62000e+00   3.15184e+01  
  2.63000e+00  -7.71034e+00    2.63000e+00  -6.70087e+00    2.63000e+00   3.17376e+01  
  2.64000e+00  -7.67348e+00    2.64000e+00  -6.22615e+00    2.64000e+00   3.19166e+01  
  2.65000e+00  -7.62358e+00    2.65000e+00  -5.74640e+00    2.65000e+00   3.20547e+01  
  2.66000e+00  -7.56096e+00    2.66000e+00  -5.26561e+00    2.66000e+00   3.21518e+01  
  2.67000e+00  -7.48601e+00    2.67000e+00  -4.78772e+00    2.67000e+00   3.22082e+01  
  2.68000e+00  -7.39925e+00    2.68000e+00  -4.31645e+00    2.68000e+00   3.22248e+01  
  2.69000e+00  -7.30126e+00    2.69000e+00  -3.85533e+00    2.69000e+00   3.22029e+01  
  2.70000e+00  -7.19273e+00    2.70000e+00  -3.40759e+00    2.70000e+00   3.21443e+01  
  2.71000e+00  -7.07441e+00    2.71000e+00  -2.97613e+00    2.71000e+00   3.20510e+01  
  2.72000e+00  -6.94711e+00    2.72000e+00  -2.56345e+00    2.72000e+00   3.19252e+01  
  2.73000e+00  -6.81168e+00    2.73000e+00  -2.17171e+00    2.73000e+00   3.17695e+01  
  2.74000e+00  -6.66901e+00    2.74000e+00  -1.80265e+00    2.74000e+00   3.15866e+01  
  2.75000e+00  -6.52001e+00    2.75000e+00  -1.45759e+00    2.75000e+00   3.13791e+01  
  2.76000e+00  -6.36557e+00    2.76000e+00  -1.13751e+00    2.76000e+00   3.11500e+01  
  2.77000e+00  -6.20662e+00    2.77000e+00  -8.42985e-01    2.77000e+00   3.09019e+01  
  2.78000e+00  -6.04405e+00    2.78000e+00  -5.74266e-01    2.78000e+00   3.06375e+01  
  2.79000e+00  -5.87872e+00    2.79000e+00  -3.31290e-01    2.79000e+00   3.03594e+01  
  2.80000e+00  -5.71148e+00    2.80000e+00  -1.13722e-01    2.80000e+00   3.00700e+01  
  2.81000e+00  -5.54312e+00    2.81000e+00   7.90142e-02    2.81000e+00   2.97717e+01  
  2.82000e+00  -5.37439e+00    2.82000e+00   2.47694e-01    2.82000e+00   2.94665e+01  
  2.83000e+00  -5.20602e+00    2.83000e+00   3.93261e-01    2.83000e+00   2.91563e+01  
  2.84000e+00  -5.03865e+00    2.84000e+00   5.16785e-01    2.84000e+00   2.88430e+01  
  2.85000e+00  -4.87288e+00    2.85000e+00   6.19436e-01    2.85000e+00   2.85279e+01  
  2.86000e+00  -4.70928e+00    2.86000e+00   7.02450e-01    2.86000e+00   2.82125e+01  
  2.87000e+00  -4.54834e+00    2.87000e+00   7.67106e-01    2.87000e+00   2.78978e+01  
  2.88000e+00  -4.39050e+00    2.88000e+00   8.14697e-01    2.88000e+00   2.75850e+01  
  2.89000e+00  -4.23615e+00    2.89000e+00   8.46516e-01    2.89000e+00   2.72749e+01  
  2.90000e+00  -4.08564e+00    2.90000e+00   8.63834e-01    2.90000e+00   2.69680e+01  
  2.91000e+00  -3.93927e+00    2.91000e+00   8.67888e-01    2.91000e+00   2.66651e+01  
  2.92000e+00  -3.79729e+00    2.92000e+00   8.59870e-01    2.92000e+00   2.63665e+01  
  2.93000e+00  -3.65991e+00    2.93000e+00   8.40919e-01    2.93000e+00   2.60725e+01  
  2.94000e+00  -3.52729e+00    2.94000e+00   8.12111e-01    2.94000e+00   2.57835e+01  
  2.95000e+00  -3.39958e+00    2.95000e+00   7.74459e-01    2.95000e+00   2.54996e+01  
  2.96000e+00  -3.27688e+00    2.96000e+00   7.28908e-01    2.96000e+00   2.52209e+01  
  2.97000e+00  -3.15925e+00    2.97000e+00   6.76333e-01    2.97000e+00   2.49474e+01  
  2.98000e+00  -3.04675e+00    2.98000e+00   6.17540e-01    2.98000e+00   2.46792e+01  
  2.99000e+00  -2.93940e+00    2.99000e+00   5.53267e-01    2.99000e+00   2.44162e+01  
  3.00000e+00  -2.83719e+00    3.00000e+00   4.84185e-01    3.00000e+00   2.41583e+01  
  3.01000e+00  -2.74011e+00    3.01000e+00   4.10901e-01    3.01000e+00   2.39055e+01  
  3.02000e+00  -2.64811e+00    3.02000e+00   3.33956e-01    3.02000e+00   2.36577e+01  
  3.03000e+00  -2.56116e+00    3.03000e+00   2.53837e-01    3.03000e+00   2.34147e+01  
  3.04000e+00  -2.47919e+00    3.04000e+00   1.70972e-01    3.04000e+00   2.31763e+01  
  3.05000e+00  -2.40213e+00    3.05000e+00   8.57345e-02    3.05000e+00   2.29426e+01  
  3.06000e+00  -2.32989e+00    3.06000e+00  -1.54894e-03    3.06000e+00   2.27133e+01  
  3.07000e+00  -2.26240e+00    3.07000e+00  -9.06000e-02    3.07000e+00   2.24884e+01  
  3.08000e+00  -2.19955e+00    3.08000e+00  -1.81184e-01    3.08000e+00   2.22676e+01  
  3.09000e+00  -2.14126e+00    3.09000e+00  -2.73105e-01    3.09000e+00   2.20509e+01  
  3.10000e+00  -2.08743e+00    3.10000e+00  -3.66207e-01    3.10000e+00   2.18383e+01  
  3.11000e+00  -2.03796e+00    3.11000e+00  -4.60367e-01    3.11000e+00   2.16294e+01  
  3.12000e+00  -1.99274e+00    3.12000e+00  -5.55494e-01    3.12000e+00   2.14244e+01  
  3.13000e+00  -1.95169e+00    3.13000e+00  -6.51528e-01    3.13000e+00   2.12231e+01  
  3.14000e+00  -1.91470e+00    3.14000e+00  -7.48436e-01    3.14000e+00   2.10254e+01  
  3.15000e+00  -1.88168e+00    3.15000e+00  -8.46207e-01    3.15000e+00   2.08312e+01  
  3.16000e+00  -1.85254e+00    3.16000e+00  -9.44858e-01    3.16000e+00   2.06406e+01  
  3.17000e+00  -1.82719e+00    3.17000e+00  -1.04442e+00    3.17000e+00   2.04534e+01  
  3.18000e+00  -1.80555e+00    3.18000e+00  -1.14496e+00    3.18000e+00   2.02696e+01  
  3.19000e+00  -1.78753e+00    3.19000e+00  -1.24653e+00    3.19000e+00   2.00893e+01  
  3.20000e+00  -1.77307e+00    3.20000e+00  -1.34924e+00    3.20000e+00   1.99124e+01  
  3.21000e+00  -1.76208e+00    3.21000e+00  -1.45319e+00    3.21000e+00   1.97389e+01  
  3.22000e+00  -1.75451e+00    3.22000e+00  -1.55849e+00    3.22000e+00   1.95689e+01  
  3.23000e+00  -1.75030e+00    3.23000e+00  -1.66528e+00    3.23000e+00   1.94023e+01  
  3.24000e+00  -1.74939e+00    3.24000e+00  -1.77370e+00    3.24000e+00   1.92391e+01  
  3.25000e+00  -1.75174e+00    3.25000e+00  -1.88390e+00    3.25000e+00   1.90795e+01  
  3.26000e+00  -1.75731e+00    3.26000e+00  -1.99605e+00    3.26000e+00   1.89236e+01  
  3.27000e+00  -1.76606e+00    3.27000e+00  -2.11032e+00    3.27000e+00   1.87713e+01  
  3.28000e+00  -1.77796e+00    3.28000e+00  -2.22690e+00    3.28000e+00   1.86227e+01  
  3.29000e+00  -1.79299e+00    3.29000e+00  -2.34596e+00    3.29000e+00   1.84780e+01  
  3.30000e+00  -1.81113e+00    3.30000e+00  -2.46771e+00    3.30000e+00   1.83373e+01  
  3.31000e+00  -1.83238e+00    3.31000e+00  -2.59235e+00    3.31000e+00   1.82007e+01  
  3.32000e+00  -1.85673e+00    3.32000e+00  -2.72008e+00    3.32000e+00   1.80684e+01  
  3.33000e+00  -1.88418e+00    3.33000e+00  -2.85112e+00    3.33000e+00   1.79404e+01  
  3.34000e+00  -1.91475e+00    3.34000e+00  -2.98569e+00    3.34000e+00   1.78171e+01  
  3.35000e+00  -1.94845e+00    3.35000e+00  -3.12400e+00    3.35000e+00   1.76985e+01  
  3.36000e+00  -1.98529e+00    3.36000e+00  -3.26627e+00    3.36000e+00   1.75849e+01  
  3.37000e+00  -2.02531e+00    3.37000e+00  -3.41273e+00    3.37000e+00   1.74765e+01  
  3.38000e+00  -2.06855e+00    3.38000e+00  -3.56360e+00    3.38000e+00   1.73737e+01  
  3.39000e+00  -2.11503e+00    3.39000e+00  -3.71909e+00    3.39000e+00   1.72766e+01  
  3.40000e+00  -2.16481e+00    3.40000e+00  -3.87944e+00    3.40000e+00   1.71856e+01  
  3.41000e+00  -2.21793e+00    3.41000e+00  -4.04485e+00    3.41000e+00   1.71010e+01  
  3.42000e+00  -2.27444e+00    3.42000e+00  -4.21554e+00    3.42000e+00   1.70231e+01  
  3.43000e+00  -2.33441e+00    3.43000e+00  -4.39170e+00    3.43000e+00   1.69524e+01  
  3.44000e+00  -2.39790e+00    3.44000e+00  -4.57353e+00    3.44000e+00   1.68892e+01  
  3.45000e+00  -2.46497e+00    3.45000e+00  -4.76120e+00    3.45000e+00   1.68341e+01  
  3.46000e+00  -2.53570e+00    3.46000e+00  -4.95488e+00    3.46000e+00   1.67875e+01  
  3.47000e+00  -2.61015e+00    3.47000e+00  -5.15471e+00    3.47000e+00   1.67498e+01  
  3.48000e+00  -2.68840e+00    3.48000e+00  -5.36081e+00    3.48000e+00   1.67217e+01  
  3.49000e+00  -2.77052e+00    3.49000e+00  -5.57328e+00    3.49000e+00   1.67038e+01  
  3.50000e+00  -2.85659e+00    3.50000e+00  -5.79217e+00    3.50000e+00   1.66967e+01  
  3.51000e+00  -2.94668e+00    3.51000e+00  -6.01751e+00    3.51000e+00   1.67010e+01  
  3.52000e+00  -3.04086e+00    3.52000e+00  -6.24929e+00    3.52000e+00   1.67176e+01  
  3.53000e+00  -3.13921e+00    3.53000e+00  -6.48744e+00    3.53000e+00   1.67470e+01  
  3.54000e+00  -3.24177e+00    3.54000e+00  -6.73182e+00    3.54000e+00   1.67902e+01  
  3.55000e+00  -3.34863e+00    3.55000e+00  -6.98227e+00    3.55000e+00   1.68480e+01  
  3.56000e+00  -3.45981e+00    3.56000e+00  -7.23850e+00    3.56000e+00   1.69212e+01  
  3.57000e+00  -3.57536e+00    3.57000e+00  -7.50019e+00    3.57000e+00   1.70107e+01  
  3.58000e+00  -3.69530e+00    3.58000e+00  -7.76689e+00    3.58000e+00   1.71176e+01  
  3.59000e+00  -3.81965e+00    3.59000e+00  -8.03807e+00    3.59000e+00   1.72427e+01  
  3.60000e+00  -3.94840e+00    3.60000e+00  -8.31308e+00    3.60000e+00   1.73871e+01  
  3.61000e+00  -4.08152e+00    3.61000e+00  -8.59116e+00    3.61000e+00   1.75518e+01  
  3.62000e+00  -4.21896e+00    3.62000e+00  -8.87138e+00    3.62000e+00   1.77377e+01  
  3.63000e+00  -4.36064e+00    3.63000e+00  -9.15271e+00    3.63000e+00   1.79459e+01  
  3.64000e+00  -4.50644e+00    3.64000e+00  -9.43392e+00    3.64000e+00   1.81773e+01  
  3.65000e+00  -4.65623e+00    3.65000e+00  -9.71365e+00    3.65000e+00   1.84329e+01  
  3.66000e+00  -4.80982e+00    3.66000e+00  -9.99034e+00    3.66000e+00   1.87135e+01  
  3.67000e+00  -4.96698e+00    3.67000e+00  -1.02623e+01    3.67000e+00   1.90199e+01  
  3.68000e+00  -5.12744e+00    3.68000e+00  -1.05275e+01    3.68000e+00   1.93528e+01  
  3.69000e+00  -5.29086e+00    3.69000e+00  -1.07839e+01    3.69000e+00   1.97126e+01  
  3.70000e+00  -5.45688e+00    3.70000e+00  -1.10292e+01    3.70000e+00   2.00997e+01  
  3.71000e+00  -5.62505e+00    3.71000e+00  -1.12610e+01    3.71000e+00   2.05143e+01  
  3.72000e+00  -5.79486e+00    3.72000e+00  -1.14765e+01    3.72000e+00   2.09562e+01  
  3.73000e+00  -5.96575e+00    3.73000e+00  -1.16730e+01    3.73000e+00   2.14251e+01  
  3.74000e+00  -6.13707e+00    3.74000e+00  -1.18476e+01    3.74000e+00   2.19202e+01  
  3.75000e+00  -6.30813e+00    3.75000e+00  -1.19972e+01    3.75000e+00   2.24405e+01  
  3.76000e+00  -6.47814e+00    3.76000e+00  -1.21188e+01    3.76000e+00   2.29844e+01  
  3.77000e+00  -6.64627e+00    3.77000e+00  -1.22093e+01    3.77000e+00   2.35502e+01  
  3.78000e+00  -6.81161e+00    3.78000e+00  -1.22657e+01    3.78000e+00   2.41355e+01  
  3.79000e+00  -6.97319e+00    3.79000e+00  -1.22851e+01    3.79000e+00   2.47375e+01  
  3.80000e+00  -7.12998e+00    3.80000e+00  -1.22649e+01    3.80000e+00   2.53529e+01  
  3.81000e+00  -7.28092e+00    3.81000e+00  -1.22027e+01    3.81000e+00   2.59781e+01  
  3.82000e+00  -7.42491e+00    3.82000e+00  -1.20963e+01    3.82000e+00   2.66088e+01  
  3.83000e+00  -7.56083e+00    3.83000e+00  -1.19441e+01    3.83000e+00   2.72406e+01  
  3.84000e+00  -7.68753e+00    3.84000e+00  -1.17451e+01    3.84000e+00   2.78685e+01  
  3.85000e+00  -7.80391e+00    3.85000e+00  -1.14987e+01    3.85000e+00   2.84873e+01  
  3.86000e+00  -7.90886e+00    3.86000e+00  -1.12051e+01    3.86000e+00   2.90916e+01  
  3.87000e+00  -8.00135e+00    3.87000e+00  -1.08651e+01    3.87000e+00   2.96760e+01  
  3.88000e+00  -8.08037e+00    3.88000e+00  -1.04802e+01    3.88000e+00   3.02350e+01  
  3.89000e+00  -8.14505e+00    3.89000e+00  -1.00528e+01    3.89000e+00   3.07633e+01  
  3.90000e+00  -8.19459e+00    3.90000e+00  -9.58580e+00    3.90000e+00   3.12557e+01  
  3.91000e+00  -8.22832e+00    3.91000e+00  -9.08298e+00    3.91000e+00   3.17077e+01  
  3.92000e+00  -8.24572e+00    3.92000e+00  -8.54867e+00    3.92000e+00   3.21150e+01  
  3.93000e+00  -8.24640e+00    3.93000e+00  -7.98772e+00    3.93000e+00   3.24741e+01  
  3.94000e+00  -8.23016e+00    3.94000e+00  -7.40544e+00    3.94000e+00   3.27821e+01  
  3.95000e+00  -8.19693e+00    3.95000e+00  -6.80747e+00    3.95000e+00   3.30369e+01  
  3.96000e+00  -8.14686e+00    3.96000e+00  -6.19961e+00    3.96000e+00   3.32371e+01  
  3.97000e+00  -8.08022e+00    3.97000e+00  -5.58771e+00    3.97000e+00   3.33822e+01  
  3.98000e+00  -7.99749e+00    3.98000e+00  -4.97755e+00    3.98000e+00   3.34727e+01  
  3.99000e+00  -7.89925e+00    3.99000e+00  -4.37469e+00    3.99000e+00   3.35094e+01  
  4.00000e+00  -7.78628e+00    4.00000e+00  -3.78435e+00    4.00000e+00   3.34943e+01  
  4.01000e+00  -7.65945e+00    4.01000e+00  -3.21133e+00    4.01000e+00   3.34298e+01  
  4.02000e+00  -7.51974e+00    4.02000e+00  -2.65990e+00    4.02000e+00   3.33187e+01  
  4.03000e+00  -7.36823e+00    4.03000e+00  -2.13376e+00    4.03000e+00   3.31646e+01  
  4.04000e+00  -7.20606e+00    4.04000e+00  -1.63602e+00    4.04000e+00   3.29712e+01  
  4.05000e+00  -7.03443e+00    4.05000e+00  -1.16913e+00    4.05000e+00   3.27423e+01  
  4.06000e+00  -6.85456e+00    4.06000e+00  -7.34923e-01    4.06000e+00   3.24822e+01  
  4.07000e+00  -6.66766e+00    4.07000e+00  -3.34641e-01    4.07000e+00   3.21948e+01  
  4.08000e+00  -6.47498e+00    4.08000e+00   3.10565e-02    4.08000e+00   3.18842e+01  
  4.09000e+00  -6.27770e+00    4.09000e+00   3.62025e-01    4.09000e+00   3.15543e+01  
  4.10000e+00  -6.07697e+00    4.10000e+00   6.58588e-01    4.10000e+00   3.12089e+01  
  4.11000e+00  -5.87392e+00    4.11000e+00   9.21470e-01    4.11000e+00   3.08512e+01  
  4.12000e+00  -5.66959e+00    4.12000e+00   1.15174e+00    4.12000e+00   3.04846e+01  
  4.13000e+00  -5.46496e+00    4.13000e+00   1.35075e+00    4.13000e+00   3.01118e+01  
  4.14000e+00  -5.26094e+00    4.14000e+00   1.52005e+00    4.14000e+00   2.97355e+01  
  4.15000e+00  -5.05836e+00    4.15000e+00   1.66138e+00    4.15000e+00   2.93579e+01  
  4.16000e+00  -4.85799e+00    4.16000e+00   1.77657e+00    4.16000e+00   2.89809e+01  
  4.17000e+00  -4.66050e+00    4.17000e+00   1.86753e+00    4.17000e+00   2.86062e+01  
  4.18000e+00  -4.46650e+00    4.18000e+00   1.93618e+00    4.18000e+00   2.82351e+01  
  4.19000e+00  -4.27651e+00    4.19000e+00   1.98444e+00    4.19000e+00   2.78688e+01  
  4.20000e+00  -4.09098e+00    4.20000e+00   2.01419e+00    4.20000e+00   2.75083e+01  
  4.21000e+00  -3.91031e+00    4.21000e+00   2.02725e+00    4.21000e+00   2.71541e+01  
  4.22000e+00  -3.73483e+00    4.22000e+00   2.02536e+00    4.22000e+00   2.68068e+01  
  4.23000e+00  -3.56478e+00    4.23000e+00   2.01019e+00    4.23000e+00   2.64667e+01  
  4.24000e+00  -3.40039e+00    4.24000e+00   1.98329e+00    4.24000e+00   2.61342e+01  
  4.25000e+00  -3.24181e+00    4.25000e+00   1.94612e+00    4.25000e+00   2.58092e+01  
  4.26000e+00  -3.08914e+00    4.26000e+00   1.90001e+00    4.26000e+00   2.54918e+01  
  4.27000e+00  -2.94247e+00    4.27000e+00   1.84622e+00    4.27000e+00   2.51819e+01  
  4.28000e+00  -2.80183e+00    4.28000e+00   1.78588e+00    4.28000e+00   2.48795e+01  
  4.29000e+00  -2.66721e+00    4.29000e+00   1.72002e+00    4.29000e+00   2.45842e+01  
  4.30000e+00  -2.53858e+00    4.30000e+00   1.64958e+00    4.30000e+00   2.42960e+01  
  4.31000e+00  -2.41589e+00    4.31000e+00   1.57539e+00    4.31000e+00   2.40145e+01  
  4.32000e+00  -2.29907e+00    4.32000e+00   1.49821e+00    4.32000e+00   2.37395e+01  
  4.33000e+00  -2.18802e+00    4.33000e+00   1.41871e+00    4.33000e+00   2.34707e+01  
  4.34000e+00  -2.08263e+00    4.34000e+00   1.33746e+00    4.34000e+00   2.32079e+01  
  4.35000e+00  -1.98277e+00    4.35000e+00   1.25499e+00    4.35000e+00   2.29507e+01  
  4.36000e+00  -1.88832e+00    4.36000e+00   1.17175e+00    4.36000e+00   2.26990e+01  
  4.37000e+00  -1.79912e+00    4.37000e+00   1.08813e+00    4.37000e+00   2.24524e+01  
  4.38000e+00  -1.71503e+00    4.38000e+00   1.00445e+00    4.38000e+00   2.22107e+01  
  4.39000e+00  -1.63590e+00    4.39000e+00   9.20997e-01    4.39000e+00   2.19737e+01  
  4.40000e+00  -1.56157e+00    4.40000e+00   8.38006e-01    4.40000e+00   2.17410e+01  
  4.41000e+00  -1.49187e+00    4.41000e+00   7.55665e-01    4.41000e+00   2.15126e+01  
  4.42000e+00  -1.42666e+00    4.42000e+00   6.74126e-01    4.42000e+00   2.12882e+01  
  4.43000e+00  -1.36577e+00    4.43000e+00   5.93506e-01    4.43000e+00   2.10675e+01  
  4.44000e+00  -1.30905e+00    4.44000e+00   5.13890e-01    4.44000e+00   2.08506e+01  
  4.45000e+00  -1.25635e+00    4.45000e+00   4.35334e-01    4.45000e+00   2.06370e+01  
  4.46000e+00  -1.20750e+00    4.46000e+00   3.57871e-01    4.46000e+00   2.04268e+01  
  4.47000e+00  -1.16238e+00    4.47000e+00   2.81509e-01    4.47000e+00   2.02198e+01  
  4.48000e+00  -1.12082e+00    4.48000e+00   2.06235e-01    4.48000e+00   2.00158e+01  
  4.49000e+00  -1.08271e+00    4.49000e+00   1.32019e-01    4.49000e+00   1.98148e+01  
  4.50000e+00  -1.04790e+00    4.50000e+00   5.88148e-02    4.50000e+00   1.96167e+01  
  4.51000e+00  -1.01626e+00    4.51000e+00  -1.34404e-02    4.51000e+00   1.94212e+01  
  4.52000e+00  -9.87687e-01    4.52000e+00  -8.48212e-02    4.52000e+00   1.92285e+01  
  4.53000e+00  -9.62054e-01    4.53000e+00  -1.55414e-01    4.53000e+00   1.90383e+01  
  4.54000e+00  -9.39253e-01    4.54000e+00  -2.25318e-01    4.54000e+00   1.88507e+01  
  4.55000e+00  -9.19184e-01    4.55000e+00  -2.94638e-01    4.55000e+00   1.86655e+01  
  4.56000e+00  -9.01750e-01    4.56000e+00  -3.63492e-01    4.56000e+00   1.84828e+01  
  4.57000e+00  -8.86860e-01    4.57000e+00  -4.32001e-01    4.57000e+00   1.83024e+01  
  4.58000e+00  -8.74431e-01    4.58000e+00  -5.00299e-01    4.58000e+00   1.81244e+01  
  4.59000e+00  -8.64387e-01    4.59000e+00  -5.68520e-01    4.59000e+00   1.79487e+01  
  4.60000e+00  -8.56657e-01    4.60000e+00  -6.36810e-01    4.60000e+00   1.77752e+01  
  4.61000e+00  -8.51176e-01    4.61000e+00  -7.05318e-01    4.61000e+00   1.76041e+01  
  4.62000e+00  -8.47887e-01    4.62000e+00  -7.74197e-01    4.62000e+00   1.74351e+01  
  4.63000e+00  -8.46739e-01    4.63000e+00  -8.43607e-01    4.63000e+00   1.72685e+01  
  4.64000e+00  -8.47685e-01    4.64000e+00  -9.13714e-01    4.64000e+00   1.71041e+01  
  4.65000e+00  -8.50689e-01    4.65000e+00  -9.84686e-01    4.65000e+00   1.69419e+01  
  4.66000e+00  -8.55715e-01    4.66000e+00  -1.05670e+00    4.66000e+00   1.67820e+01  
  4.67000e+00  -8.62740e-01    4.67000e+00  -1.12993e+00    4.67000e+00   1.66243e+01  
  4.68000e+00  -8.71741e-01    4.68000e+00  -1.20456e+00    4.68000e+00   1.64690e+01  
  4.69000e+00  -8.82705e-01    4.69000e+00  -1.28079e+00    4.69000e+00   1.63160e+01  
  4.70000e+00  -8.95625e-01    4.70000e+00  -1.35880e+00    4.70000e+00   1.61653e+01  
  4.71000e+00  -9.10497e-01    4.71000e+00  -1.43880e+00    4.71000e+00   1.60170e+01  
  4.72000e+00  -9.27325e-01    4.72000e+00  -1.52099e+00    4.72000e+00   1.58712e+01  
  4.73000e+00  -9.46121e-01    4.73000e+00  -1.60558e+00    4.73000e+00   1.57278e+01  
  4.74000e+00  -9.66899e-01    4.74000e+00  -1.69279e+00    4.74000e+00   1.55870e+01  
  4.75000e+00  -9.89683e-01    4.75000e+00  -1.78284e+00    4.75000e+00   1.54488e+01  
  4.76000e+00  -1.01450e+00    4.76000e+00  -1.87595e+00    4.76000e+00   1.53134e+01  
  4.77000e+00  -1.04138e+00    4.77000e+00  -1.97237e+00    4.77000e+00   1.51807e+01  
  4.78000e+00  -1.07037e+00    4.78000e+00  -2.07234e+00    4.78000e+00   1.50509e+01  
  4.79000e+00  -1.10152e+00    4.79000e+00  -2.17611e+00    4.79000e+00   1.49241e+01  
  4.80000e+00  -1.13487e+00    4.80000e+00  -2.28393e+00    4.80000e+00   1.48004e+01  
  4.81000e+00  -1.17048e+00    4.81000e+00  -2.39607e+00    4.81000e+00   1.46799e+01  
  4.82000e+00  -1.20842e+00    4.82000e+00  -2.51280e+00    4.82000e+00   1.45629e+01  
  4.83000e+00  -1.24877e+00    4.83000e+00  -2.63441e+00    4.83000e+00   1.44495e+01  
  4.84000e+00  -1.29159e+00    4.84000e+00  -2.76118e+00    4.84000e+00   1.43398e+01  
  4.85000e+00  -1.33697e+00    4.85000e+00  -2.89341e+00    4.85000e+00   1.42341e+01  
  4.86000e+00  -1.38501e+00    4.86000e+00  -3.03140e+00    4.86000e+00   1.41326e+01  
  4.87000e+00  -1.43579e+00    4.87000e+00  -3.17546e+00    4.87000e+00   1.40355e+01  
  4.88000e+00  -1.48942e+00    4.88000e+00  -3.32592e+00    4.88000e+00   1.39431e+01  
  4.89000e+00  -1.54602e+00    4.89000e+00  -3.48310e+00    4.89000e+00   1.38558e+01  
  4.90000e+00  -1.60569e+00    4.90000e+00  -3.64734e+00    4.90000e+00   1.37738e+01  
  4.91000e+00  -1.66856e+00    4.91000e+00  -3.81895e+00    4.91000e+00   1.36976e+01  
  4.92000e+00  -1.73476e+00    4.92000e+00  -3.99830e+00    4.92000e+00   1.36275e+01  
  4.93000e+00  -1.80442e+00    4.93000e+00  -4.18572e+00    4.93000e+00   1.35639e+01  
  4.94000e+00  -1.87768e+00    4.94000e+00  -4.38154e+00    4.94000e+00   1.35074e+01  
  4.95000e+00  -1.95470e+00    4.95000e+00  -4.58612e+00    4.95000e+00   1.34585e+01  
  4.96000e+00  -2.03562e+00    4.96000e+00  -4.79977e+00    4.96000e+00   1.34177e+01  
  4.97000e+00  -2.12060e+00    4.97000e+00  -5.02284e+00    4.97000e+00   1.33858e+01  
  4.98000e+00  -2.20981e+00    4.98000e+00  -5.25562e+00    4.98000e+00   1.33633e+01  
  4.99000e+00  -2.30341e+00    4.99000e+00  -5.49841e+00    4.99000e+00   1.33510e+01  
  5.00000e+00  -2.40157e+00    5.00000e+00  -5.75149e+00    5.00000e+00   1.33498e+01  
  5.01000e+00  -2.50446e+00    5.01000e+00  -6.01508e+00    5.01000e+00   1.33606e+01  
  5.02000e+00  -2.61226e+00    5.02000e+00  -6.28939e+00    5.02000e+00   1.33843e+01  
  5.03000e+00  -2.72514e+00    5.03000e+00  -6.57457e+00    5.03000e+00   1.34219e+01  
  5.04000e+00  -2.84328e+00    5.04000e+00  -6.87071e+00    5.04000e+00   1.34745e+01  
  5.05000e+00  -2.96685e+00    5.05000e+00  -7.17785e+00    5.05000e+00   1.35435e+01  
  5.06000e+00  -3.09600e+00    5.06000e+00  -7.49592e+00    5.06000e+00   1.36300e+01  
  5.07000e+00  -3.23089e+00    5.07000e+00  -7.82477e+00    5.07000e+00   1.37355e+01  
  5.08000e+00  -3.37168e+00    5.08000e+00  -8.16413e+00    5.08000e+00   1.38614e+01  
  5.09000e+00  -3.51848e+00    5.09000e+00  -8.51359e+00    5.09000e+00   1.40094e+01  
  5.10000e+00  -3.67142e+00    5.10000e+00  -8.87260e+00    5.10000e+00   1.41809e+01  
  5.11000e+00  -3.83058e+00    5.11000e+00  -9.24043e+00    5.11000e+00   1.43778e+01  
  5.12000e+00  -3.99602e+00    5.12000e+00  -9.61614e+00    5.12000e+00   1.46019e+01  
  5.13000e+00  -4.16779e+00    5.13000e+00  -9.99858e+00    5.13000e+00   1.48549e+01  
  5.14000e+00  -4.34586e+00    5.14000e+00  -1.03863e+01    5.14000e+00   1.51389e+01  
  5.15000e+00  -4.53019e+00    5.15000e+00  -1.07777e+01    5.15000e+00   1.54555e+01  
  5.16000e+00  -4.72067e+00    5.16000e+00  -1.11707e+01    5.16000e+00   1.58069e+01  
  5.17000e+00  -4.91713e+00    5.17000e+00  -1.15630e+01    5.17000e+00   1.61947e+01  
  5.18000e+00  -5.11933e+00    5.18000e+00  -1.19520e+01    5.18000e+00   1.66207e+01  
  5.19000e+00  -5.32697e+00    5.19000e+00  -1.23344e+01    5.19000e+00   1.70865e+01  
  5.20000e+00  -5.53963e+00    5.20000e+00  -1.27070e+01    5.20000e+00   1.75935e+01  
  5.21000e+00  -5.75682e+00    5.21000e+00  -1.30657e+01    5.21000e+00   1.81428e+01  
  5.22000e+00  -5.97794e+00    5.22000e+00  -1.34064e+01    5.22000e+00   1.87351e+01  
  5.23000e+00  -6.20227e+00    5.23000e+00  -1.37243e+01    5.23000e+00   1.93710e+01  
  5.24000e+00  -6.42897e+00    5.24000e+00  -1.40145e+01    5.24000e+00   2.00500e+01  
  5.25000e+00  -6.65706e+00    5.25000e+00  -1.42715e+01    5.25000e+00   2.07716e+01  
  5.26000e+00  -6.88544e+00    5.26000e+00  -1.44898e+01    5.26000e+00   2.15341e+01  
  5.27000e+00  -7.11289e+00    5.27000e+00  -1.46636e+01    5.27000e+00   2.23354e+01  
  5.28000e+00  -7.33801e+00    5.28000e+00  -1.47871e+01    5.28000e+00   2.31722e+01  
  5.29000e+00  -7.55931e+00    5.29000e+00  -1.48544e+01    5.29000e+00   2.40405e+01  
  5.30000e+00  -7.77515e+00    5.30000e+00  -1.48600e+01    5.30000e+00   2.49353e+01  
  5.31000e+00  -7.98380e+00    5.31000e+00  -1.47989e+01    5.31000e+00   2.58504e+01  
  5.32000e+00  -8.18343e+00    5.32000e+00  -1.46664e+01    5.32000e+00   2.67788e+01  
  5.33000e+00  -8.37214e+00    5.33000e+00  -1.44588e+01    5.33000e+00   2.77125e+01  
  5.34000e+00  -8.54798e+00    5.34000e+00  -1.41735e+01    5.34000e+00   2.86425e+01  
  5.35000e+00  -8.70902e+00    5.35000e+00  -1.38088e+01    5.35000e+00   2.95594e+01  
  5.36000e+00  -8.85334e+00    5.36000e+00  -1.33646e+01    5.36000e+00   3.04531e+01  
  5.37000e+00  -8.97910e+00    5.37000e+00  -1.28422e+01    5.37000e+00   3.13133e+01  
  5.38000e+00  -9.08458e+00    5.38000e+00  -1.22446e+01    5.38000e+00   3.21297e+01  
  5.39000e+00  -9.16821e+00    5.39000e+00  -1.15762e+01    5.39000e+00   3.28922e+01  
  5.40000e+00  -9.22864e+00    5.40000e+00  -1.08433e+01    5.40000e+00   3.35915e+01  
  5.41000e+00  -9.26476e+00    5.41000e+00  -1.00532e+01    5.41000e+00   3.42191e+01  
  5.42000e+00  -9.27572e+00    5.42000e+00  -9.21504e+00    5.42000e+00   3.47678e+01  
  5.43000e+00  -9.26100e+00    5.43000e+00  -8.33862e+00    5.43000e+00   3.52316e+01  
  5.44000e+00  -9.22036e+00    5.44000e+00  -7.43468e+00    5.44000e+00   3.56065e+01  
  5.45000e+00  -9.15395e+00    5.45000e+00  -6.51439e+00    5.45000e+00   3.58900e+01  
  5.46000e+00  -9.06219e+00    5.46000e+00  -5.58903e+00    5.46000e+00   3.60814e+01  
  5.47000e+00  -8.94586e+00    5.47000e+00  -4.66965e+00    5.47000e+00   3.61820e+01  
  5.48000e+00  -8.80602e+00    5.48000e+00  -3.76674e+00    5.48000e+00   3.61945e+01  
  5.49000e+00  -8.64399e+00    5.49000e+00  -2.88998e+00    5.49000e+00   3.61232e+01  
  5.50000e+00  -8.46133e+00    5.50000e+00  -2.04796e+00    5.50000e+00   3.59737e+01  
  5.51000e+00  -8.25980e+00    5.51000e+00  -1.24806e+00    5.51000e+00   3.57526e+01  
  5.52000e+00  -8.04128e+00    5.52000e+00  -4.96282e-01    5.52000e+00   3.54673e+01  
  5.53000e+00  -7.80778e+00    5.53000e+00   2.02739e-01    5.53000e+00   3.51257e+01  
  5.54000e+00  -7.56134e+00    5.54000e+00   8.45767e-01    5.54000e+00   3.47359e+01  
  5.55000e+00  -7.30404e+00    5.55000e+00   1.43088e+00    5.55000e+00   3.43058e+01  
  5.56000e+00  -7.03792e+00    5.56000e+00   1.95738e+00    5.56000e+00   3.38433e+01  
  5.57000e+00  -6.76497e+00    5.57000e+00   2.42566e+00    5.57000e+00   3.33558e+01  
  5.58000e+00  -6.48710e+00    5.58000e+00   2.83704e+00    5.58000e+00   3.28502e+01  
  5.59000e+00  -6.20610e+00    5.59000e+00   3.19362e+00    5.59000e+00   3.23327e+01  
  5.60000e+00  -5.92365e+00    5.60000e+00   3.49812e+00    5.60000e+00   3.18089e+01  
  5.61000e+00  -5.64129e+00    5.61000e+00   3.75373e+00    5.61000e+00   3.12836e+01  
  5.62000e+00  -5.36039e+00    5.62000e+00   3.96396e+00    5.62000e+00   3.07609e+01  
  5.63000e+00  -5.08221e+00    5.63000e+00   4.13252e+00    5.63000e+00   3.02444e+01  
  5.64000e+00  -4.80785e+00    5.64000e+00   4.26318e+00    5.64000e+00   2.97368e+01  
  5.65000e+00  -4.53825e+00    5.65000e+00   4.35975e+00    5.65000e+00   2.92404e+01  
  5.66000e+00  -4.27422e+00    5.66000e+00   4.42594e+00    5.66000e+00   2.87568e+01  
  5.67000e+00  -4.01644e+00    5.67000e+00   4.46532e+00    5.67000e+00   2.82872e+01  
  5.68000e+00  -3.76548e+00    5.68000e+00   4.48130e+00    5.68000e+00   2.78326e+01  
  5.69000e+00  -3.52176e+00    5.69000e+00   4.47708e+00    5.69000e+00   2.73932e+01  
  5.70000e+00  -3.28564e+00    5.70000e+00   4.45562e+00    5.70000e+00   2.69694e+01  
  5.71000e+00  -3.05736e+00    5.71000e+00   4.41968e+00    5.71000e+00   2.65610e+01  
  5.72000e+00  -2.83706e+00    5.72000e+00   4.37175e+00    5.72000e+00   2.61678e+01  
  5.73000e+00  -2.62484e+00    5.73000e+00   4.31412e+00    5.73000e+00   2.57894e+01  
  5.74000e+00  -2.42072e+00    5.74000e+00   4.24881e+00    5.74000e+00   2.54253e+01  
  5.75000e+00  -2.22465e+00    5.75000e+00   4.17769e+00    5.75000e+00   2.50750e+01  
  5.76000e+00  -2.03654e+00    5.76000e+00   4.10237e+00    5.76000e+00   2.47377e+01  
  5.77000e+00  -1.85626e+00    5.77000e+00   4.02432e+00    5.77000e+00   2.44129e+01  
  5.78000e+00  -1.68364e+00    5.78000e+00   3.94480e+00    5.78000e+00   2.40999e+01  
  5.79000e+00  -1.51848e+00    5.79000e+00   3.86495e+00    5.79000e+00   2.37979e+01  
  5.80000e+00  -1.36056e+00    5.80000e+00   3.78574e+00    5.80000e+00   2.35063e+01  
  5.81000e+00  -1.20962e+00    5.81000e+00   3.70804e+00    5.81000e+00   2.32245e+01  
  5.82000e+00  -1.06541e+00    5.82000e+00   3.63257e+00    5.82000e+00   2.29519e+01  
  5.83000e+00  -9.27649e-01    5.83000e+00   3.55998e+00    5.83000e+00   2.26879e+01  
  5.84000e+00  -7.96056e-01    5.84000e+00   3.49081e+00    5.84000e+00   2.24319e+01  
  5.85000e+00  -6.70339e-01    5.85000e+00   3.42554e+00    5.85000e+00   2.21835e+01  
  5.86000e+00  -5.50205e-01    5.86000e+00   3.36455e+00    5.86000e+00   2.19422e+01  
  5.87000e+00  -4.35355e-01    5.87000e+00   3.30820e+00    5.87000e+00   2.17075e+01  
  5.88000e+00  -3.25493e-01    5.88000e+00   3.25675e+00    5.88000e+00   2.14791e+01  
  5.89000e+00  -2.20322e-01    5.89000e+00   3.21045e+00    5.89000e+00   2.12566e+01  
  5.90000e+00  -1.19549e-01    5.90000e+00   3.16950e+00    5.90000e+00   2.10397e+01  
  5.91000e+00  -2.28831e-02    5.91000e+00   3.13405e+00    5.91000e+00   2.08282e+01  
  5.92000e+00   6.99620e-02    5.92000e+00   3.10426e+00    5.92000e+00   2.06217e+01  
  5.93000e+00   1.59268e-01    5.93000e+00   3.08023e+00    5.93000e+00   2.04200e+01  
  5.94000e+00   2.45311e-01    5.94000e+00   3.06205e+00    5.94000e+00   2.02230e+01  
  5.95000e+00   3.28361e-01    5.95000e+00   3.04981e+00    5.95000e+00   2.00305e+01  
  5.96000e+00   4.08685e-01    5.96000e+00   3.04356e+00    5.96000e+00   1.98424e+01  
  5.97000e+00   4.86539e-01    5.97000e+00   3.04337e+00    5.97000e+00   1.96585e+01  
  5.98000e+00   5.62178e-01    5.98000e+00   3.04928e+00    5.98000e+00   1.94788e+01  
  5.99000e+00   6.35847e-01    5.99000e+00   3.06134e+00    5.99000e+00   1.93032e+01  
  6.00000e+00   7.07787e-01    6.00000e+00   3.07959e+00    6.00000e+00   1.91317e+01  
