-1.000  -1.000  -2.000    6.83932e-01    6.83932e-01    3.86233e-01
-1.000  -1.000  -1.600    1.11783e+00    1.11783e+00    3.62154e-02
-1.000  -1.000  -1.200    1.12844e+00    1.12843e+00   -1.51620e+00
-1.000  -1.000  -0.800   -7.64061e-01   -7.64057e-01   -1.46349e+00
-1.000  -1.000  -0.400   -6.57899e-01   -6.57899e-01    1.78811e-01
-1.000  -1.000  0.000    0.00000e+00    0.00000e+00    5.33956e-01
-1.000  -1.000  0.400    6.57899e-01    6.57899e-01    1.78811e-01
-1.000  -1.000  0.800    7.64061e-01    7.64057e-01   -1.46349e+00
-1.000  -1.000  1.200   -1.12844e+00   -1.12843e+00   -1.51620e+00
-1.000  -1.000  1.600   -1.11783e+00   -1.11783e+00    3.62154e-02
-1.000  -1.000  2.000   -6.83932e-01   -6.83932e-01    3.86233e-01
-1.000  -0.800  -2.000    8.45793e-01    6.76634e-01    5.77375e-01
-1.000  -0.800  -1.600    1.56979e+00    1.25583e+00    3.52723e-01
-1.000  -0.800  -1.200    2.28502e+00    1.82802e+00   -2.05477e+00
-1.000  -0.800  -0.800   -1.87525e+00   -1.50020e+00   -1.97913e+00
-1.000  -0.800  -0.400   -1.03611e+00   -8.28886e-01    5.74119e-01
-1.000  -0.800  0.000    0.00000e+00    0.00000e+00    8.93837e-01
-1.000  -0.800  0.400    1.03611e+00    8.28886e-01    5.74119e-01
-1.000  -0.800  0.800    1.87525e+00    1.50020e+00   -1.97913e+00
-1.000  -0.800  1.200   -2.28502e+00   -1.82802e+00   -2.05477e+00
-1.000  -0.800  1.600   -1.56979e+00   -1.25583e+00    3.52723e-01
-1.000  -0.800  2.000   -8.45793e-01   -6.76634e-01    5.77375e-01
-1.000  -0.600  -2.000    9.96299e-01    5.97774e-01    7.78627e-01
-1.000  -0.600  -1.600    2.03276e+00    1.21966e+00    8.00227e-01
-1.000  -0.600  -1.200    4.59475e+00    2.75685e+00   -2.06338e+00
-1.000  -0.600  -0.800   -4.14512e+00   -2.48707e+00   -1.96575e+00
-1.000  -0.600  -0.400   -1.43283e+00   -8.59702e-01    1.09960e+00
-1.000  -0.600  0.000    0.00000e+00    0.00000e+00    1.27730e+00
-1.000  -0.600  0.400    1.43283e+00    8.59702e-01    1.09960e+00
-1.000  -0.600  0.800    4.14512e+00    2.48707e+00   -1.96575e+00
-1.000  -0.600  1.200   -4.59475e+00   -2.75685e+00   -2.06338e+00
-1.000  -0.600  1.600   -2.03276e+00   -1.21966e+00    8.00227e-01
-1.000  -0.600  2.000   -9.96299e-01   -5.97774e-01    7.78627e-01
-1.000  -0.400  -2.000    1.11566e+00    4.46270e-01    9.55542e-01
-1.000  -0.400  -1.600    2.40115e+00    9.60460e-01    1.26417e+00
-1.000  -0.400  -1.200    7.61907e+00    3.04769e+00   -4.47822e-01
-1.000  -0.400  -0.800   -7.13833e+00   -2.85539e+00   -3.31901e-01
-1.000  -0.400  -0.400   -1.74893e+00   -6.99571e-01    1.62962e+00
-1.000  -0.400  0.000    0.00000e+00    0.00000e+00    1.61658e+00
-1.000  -0.400  0.400    1.74893e+00    6.99571e-01    1.62962e+00
-1.000  -0.400  0.800    7.13833e+00    2.85539e+00   -3.31901e-01
-1.000  -0.400  1.200   -7.61907e+00   -3.04769e+00   -4.47822e-01
-1.000  -0.400  1.600   -2.40115e+00   -9.60460e-01    1.26417e+00
-1.000  -0.400  2.000   -1.11566e+00   -4.46270e-01    9.55542e-01
-1.000  -0.200  -2.000    1.19090e+00    2.38180e-01    1.07578e+00
-1.000  -0.200  -1.600    2.61874e+00    5.23749e-01    1.60158e+00
-1.000  -0.200  -1.200    9.39407e+00    1.87882e+00    1.96117e+00
-1.000  -0.200  -0.800   -8.89353e+00   -1.77871e+00    2.08919e+00
-1.000  -0.200  -0.400   -1.93316e+00   -3.86632e-01    2.01120e+00
-1.000  -0.200  0.000    0.00000e+00    0.00000e+00    1.84791e+00
-1.000  -0.200  0.400    1.93316e+00    3.86632e-01    2.01120e+00
-1.000  -0.200  0.800    8.89353e+00    1.77871e+00    2.08919e+00
-1.000  -0.200  1.200   -9.39407e+00   -1.87882e+00    1.96117e+00
-1.000  -0.200  1.600   -2.61874e+00   -5.23749e-01    1.60158e+00
-1.000  -0.200  2.000   -1.19090e+00   -2.38180e-01    1.07578e+00
-1.000  0.000  -2.000    1.21641e+00    7.20708e-10    1.11821e+00
-1.000  0.000  -1.600    2.68789e+00   -6.38049e-09    1.72266e+00
-1.000  0.000  -1.200    9.76076e+00   -6.86240e-07    2.96842e+00
-1.000  0.000  -0.800   -9.25343e+00    6.86233e-07    3.10067e+00
-1.000  0.000  -0.400   -1.99086e+00    6.52750e-09    2.14779e+00
-1.000  0.000  0.000    0.00000e+00    0.00000e+00    1.92966e+00
-1.000  0.000  0.400    1.99086e+00   -6.52750e-09    2.14779e+00
-1.000  0.000  0.800    9.25343e+00   -6.86233e-07    3.10067e+00
-1.000  0.000  1.200   -9.76076e+00    6.86240e-07    2.96842e+00
-1.000  0.000  1.600   -2.68789e+00    6.38049e-09    1.72266e+00
-1.000  0.000  2.000   -1.21641e+00   -7.20708e-10    1.11821e+00
-1.000  0.200  -2.000    1.19090e+00   -2.38180e-01    1.07578e+00
-1.000  0.200  -1.600    2.61874e+00   -5.23749e-01    1.60158e+00
-1.000  0.200  -1.200    9.39407e+00   -1.87882e+00    1.96117e+00
-1.000  0.200  -0.800   -8.89353e+00    1.77871e+00    2.08919e+00
-1.000  0.200  -0.400   -1.93316e+00    3.86632e-01    2.01120e+00
-1.000  0.200  0.000    0.00000e+00    0.00000e+00    1.84791e+00
-1.000  0.200  0.400    1.93316e+00   -3.86632e-01    2.01120e+00
-1.000  0.200  0.800    8.89353e+00   -1.77871e+00    2.08919e+00
-1.000  0.200  1.200   -9.39407e+00    1.87882e+00    1.96117e+00
-1.000  0.200  1.600   -2.61874e+00    5.23749e-01    1.60158e+00
-1.000  0.200  2.000   -1.19090e+00    2.38180e-01    1.07578e+00
-1.000  0.400  -2.000    1.11566e+00   -4.46270e-01    9.55542e-01
-1.000  0.400  -1.600    2.40115e+00   -9.60460e-01    1.26417e+00
-1.000  0.400  -1.200    7.61907e+00   -3.04769e+00   -4.47822e-01
-1.000  0.400  -0.800   -7.13833e+00    2.85539e+00   -3.31901e-01
-1.000  0.400  -0.400   -1.74893e+00    6.99571e-01    1.62962e+00
-1.000  0.400  0.000    0.00000e+00    0.00000e+00    1.61658e+00
-1.000  0.400  0.400    1.74893e+00   -6.99571e-01    1.62962e+00
-1.000  0.400  0.800    7.13833e+00   -2.85539e+00   -3.31901e-01
-1.000  0.400  1.200   -7.61907e+00    3.04769e+00   -4.47822e-01
-1.000  0.400  1.600   -2.40115e+00    9.60460e-01    1.26417e+00
-1.000  0.400  2.000   -1.11566e+00    4.46270e-01    9.55542e-01
-1.000  0.600  -2.000    9.96299e-01   -5.97774e-01    7.78627e-01
-1.000  0.600  -1.600    2.03276e+00   -1.21966e+00    8.00227e-01
-1.000  0.600  -1.200    4.59475e+00   -2.75685e+00   -2.06338e+00
-1.000  0.600  -0.800   -4.14512e+00    2.48707e+00   -1.96575e+00
-1.000  0.600  -0.400   -1.43283e+00    8.59702e-01    1.09960e+00
-1.000  0.600  0.000    0.00000e+00    0.00000e+00    1.27730e+00
-1.000  0.600  0.400    1.43283e+00   -8.59702e-01    1.09960e+00
-1.000  0.600  0.800    4.14512e+00   -2.48707e+00   -1.96575e+00
-1.000  0.600  1.200   -4.59475e+00    2.75685e+00   -2.06338e+00
-1.000  0.600  1.600   -2.03276e+00    1.21966e+00    8.00227e-01
-1.000  0.600  2.000   -9.96299e-01    5.97774e-01    7.78627e-01
-1.000  0.800  -2.000    8.45793e-01   -6.76634e-01    5.77375e-01
-1.000  0.800  -1.600    1.56979e+00   -1.25583e+00    3.52723e-01
-1.000  0.800  -1.200    2.28502e+00   -1.82802e+00   -2.05477e+00
-1.000  0.800  -0.800   -1.87525e+00    1.50020e+00   -1.97913e+00
-1.000  0.800  -0.400   -1.03611e+00    8.28886e-01    5.74119e-01
-1.000  0.800  0.000    0.00000e+00    0.00000e+00    8.93837e-01
-1.000  0.800  0.400    1.03611e+00   -8.28886e-01    5.74119e-01
-1.000  0.800  0.800    1.87525e+00   -1.50020e+00   -1.97913e+00
-1.000  0.800  1.200   -2.28502e+00    1.82802e+00   -2.05477e+00
-1.000  0.800  1.600   -1.56979e+00    1.25583e+00    3.52723e-01
-1.000  0.800  2.000   -8.45793e-01    6.76634e-01    5.77375e-01
-1.000  1.000  -2.000    6.83932e-01   -6.83932e-01    3.86233e-01
-1.000  1.000  -1.600    1.11783e+00   -1.11783e+00    3.62154e-02
-1.000  1.000  -1.200    1.12844e+00   -1.12843e+00   -1.51620e+00
-1.000  1.000  -0.800   -7.64061e-01    7.64057e-01   -1.46349e+00
-1.000  1.000  -0.400   -6.57899e-01    6.57899e-01    1.78811e-01
-1.000  1.000  0.000    0.00000e+00    0.00000e+00    5.33956e-01
-1.000  1.000  0.400    6.57899e-01   -6.57899e-01    1.78811e-01
-1.000  1.000  0.800    7.64061e-01   -7.64057e-01   -1.46349e+00
-1.000  1.000  1.200   -1.12844e+00    1.12843e+00   -1.51620e+00
-1.000  1.000  1.600   -1.11783e+00    1.11783e+00    3.62154e-02
-1.000  1.000  2.000   -6.83932e-01    6.83932e-01    3.86233e-01
-0.800  -1.000  -2.000    6.76634e-01    8.45795e-01    5.77374e-01
-0.800  -1.000  -1.600    1.25584e+00    1.56979e+00    3.52723e-01
-0.800  -1.000  -1.200    1.82802e+00    2.28501e+00   -2.05477e+00
-0.800  -1.000  -0.800   -1.50020e+00   -1.87523e+00   -1.97913e+00
-0.800  -1.000  -0.400   -8.28887e-01   -1.03611e+00    5.74119e-01
-0.800  -1.000  0.000    0.00000e+00    0.00000e+00    8.93836e-01
-0.800  -1.000  0.400    8.28887e-01    1.03611e+00    5.74119e-01
-0.800  -1.000  0.800    1.50020e+00    1.87523e+00   -1.97913e+00
-0.800  -1.000  1.200   -1.82802e+00   -2.28501e+00   -2.05477e+00
-0.800  -1.000  1.600   -1.25584e+00   -1.56979e+00    3.52723e-01
-0.800  -1.000  2.000   -6.76634e-01   -8.45795e-01    5.77374e-01
-0.800  -0.800  -2.000    8.34390e-01    8.34390e-01    8.45918e-01
-0.800  -0.800  -1.600    1.74285e+00    1.74285e+00    9.70557e-01
-0.800  -0.800  -1.200    4.54214e+00    4.54214e+00   -1.70684e+00
-0.800  -0.800  -0.800   -4.17269e+00   -4.17270e+00   -1.60216e+00
-0.800  -0.800  -0.400   -1.24658e+00   -1.24658e+00    1.29526e+00
-0.800  -0.800  0.000    0.00000e+00    0.00000e+00    1.40616e+00
-0.800  -0.800  0.400    1.24658e+00    1.24658e+00    1.29526e+00
-0.800  -0.800  0.800    4.17269e+00    4.17270e+00   -1.60216e+00
-0.800  -0.800  1.200   -4.54214e+00   -4.54214e+00   -1.70684e+00
-0.800  -0.800  1.600   -1.74285e+00   -1.74285e+00    9.70557e-01
-0.800  -0.800  2.000   -8.34390e-01   -8.34390e-01    8.45918e-01
-0.800  -0.600  -2.000    9.73125e-01    7.29844e-01    1.11821e+00
-0.800  -0.600  -1.600    2.15031e+00    1.61273e+00    1.72268e+00
-0.800  -0.600  -1.200    7.80859e+00    5.85642e+00    2.96844e+00
-0.800  -0.600  -0.800   -7.40273e+00   -5.55203e+00    3.10070e+00
-0.800  -0.600  -0.400   -1.59269e+00   -1.19451e+00    2.14781e+00
-0.800  -0.600  0.000    0.00000e+00    0.00000e+00    1.92967e+00
-0.800  -0.600  0.400    1.59269e+00    1.19451e+00    2.14781e+00
-0.800  -0.600  0.800    7.40273e+00    5.55203e+00    3.10070e+00
-0.800  -0.600  1.200   -7.80859e+00   -5.85642e+00    2.96844e+00
-0.800  -0.600  1.600   -2.15031e+00   -1.61273e+00    1.72268e+00
-0.800  -0.600  2.000   -9.73125e-01   -7.29844e-01    1.11821e+00
-0.800  -0.400  -2.000    1.07619e+00    5.38094e-01    1.34735e+00
-0.800  -0.400  -1.600    2.38676e+00    1.19338e+00    2.37163e+00
-0.800  -0.400  -1.200    7.13353e+00    3.56676e+00    7.37877e+00
-0.800  -0.400  -0.800   -6.69934e+00   -3.34967e+00    7.53374e+00
-0.800  -0.400  -0.400   -1.78148e+00   -8.90740e-01    2.88041e+00
-0.800  -0.400  0.000    0.00000e+00    0.00000e+00    2.37183e+00
-0.800  -0.400  0.400    1.78148e+00    8.90740e-01    2.88041e+00
-0.800  -0.400  0.800    6.69934e+00    3.34967e+00    7.53374e+00
-0.800  -0.400  1.200   -7.13353e+00   -3.56676e+00    7.37877e+00
-0.800  -0.400  1.600   -2.38676e+00   -1.19338e+00    2.37163e+00
-0.800  -0.400  2.000   -1.07619e+00   -5.38094e-01    1.34735e+00
-0.800  -0.200  -2.000    1.13741e+00    2.84352e-01    1.49726e+00
-0.800  -0.200  -1.600    2.48149e+00    6.20373e-01    2.77154e+00
-0.800  -0.200  -1.200    5.72806e+00    1.43202e+00    8.40672e+00
-0.800  -0.200  -0.800   -5.27590e+00   -1.31898e+00    8.57661e+00
-0.800  -0.200  -0.400   -1.84624e+00   -4.61560e-01    3.33547e+00
-0.800  -0.200  0.000    0.00000e+00    0.00000e+00    2.66155e+00
-0.800  -0.200  0.400    1.84624e+00    4.61560e-01    3.33547e+00
-0.800  -0.200  0.800    5.27590e+00    1.31898e+00    8.57661e+00
-0.800  -0.200  1.200   -5.72806e+00   -1.43202e+00    8.40672e+00
-0.800  -0.200  1.600   -2.48149e+00   -6.20373e-01    2.77154e+00
-0.800  -0.200  2.000   -1.13741e+00   -2.84352e-01    1.49726e+00
-0.800  0.000  -2.000    1.15744e+00    5.92332e-10    1.54902e+00
-0.800  0.000  -1.600    2.50321e+00   -1.63493e-09    2.90188e+00
-0.800  0.000  -1.200    5.26010e+00   -3.33476e-08    8.50643e+00
-0.800  0.000  -0.800   -4.80179e+00    3.33362e-08    8.68153e+00
-0.800  0.000  -0.400   -1.85776e+00    1.69789e-09    3.48504e+00
-0.800  0.000  0.000    0.00000e+00    0.00000e+00    2.76161e+00
-0.800  0.000  0.400    1.85776e+00   -1.69789e-09    3.48504e+00
-0.800  0.000  0.800    4.80179e+00   -3.33362e-08    8.68153e+00
-0.800  0.000  1.200   -5.26010e+00    3.33476e-08    8.50643e+00
-0.800  0.000  1.600   -2.50321e+00    1.63493e-09    2.90188e+00
-0.800  0.000  2.000   -1.15744e+00   -5.92332e-10    1.54902e+00
-0.800  0.200  -2.000    1.13741e+00   -2.84352e-01    1.49726e+00
-0.800  0.200  -1.600    2.48149e+00   -6.20373e-01    2.77154e+00
-0.800  0.200  -1.200    5.72806e+00   -1.43202e+00    8.40672e+00
-0.800  0.200  -0.800   -5.27590e+00    1.31898e+00    8.57661e+00
-0.800  0.200  -0.400   -1.84624e+00    4.61560e-01    3.33547e+00
-0.800  0.200  0.000    0.00000e+00    0.00000e+00    2.66155e+00
-0.800  0.200  0.400    1.84624e+00   -4.61560e-01    3.33547e+00
-0.800  0.200  0.800    5.27590e+00   -1.31898e+00    8.57661e+00
-0.800  0.200  1.200   -5.72806e+00    1.43202e+00    8.40672e+00
-0.800  0.200  1.600   -2.48149e+00    6.20373e-01    2.77154e+00
-0.800  0.200  2.000   -1.13741e+00    2.84352e-01    1.49726e+00
-0.800  0.400  -2.000    1.07619e+00   -5.38094e-01    1.34735e+00
-0.800  0.400  -1.600    2.38676e+00   -1.19338e+00    2.37163e+00
-0.800  0.400  -1.200    7.13353e+00   -3.56676e+00    7.37877e+00
-0.800  0.400  -0.800   -6.69934e+00    3.34967e+00    7.53374e+00
-0.800  0.400  -0.400   -1.78148e+00    8.90740e-01    2.88041e+00
-0.800  0.400  0.000    0.00000e+00    0.00000e+00    2.37183e+00
-0.800  0.400  0.400    1.78148e+00   -8.90740e-01    2.88041e+00
-0.800  0.400  0.800    6.69934e+00   -3.34967e+00    7.53374e+00
-0.800  0.400  1.200   -7.13353e+00    3.56676e+00    7.37877e+00
-0.800  0.400  1.600   -2.38676e+00    1.19338e+00    2.37163e+00
-0.800  0.400  2.000   -1.07619e+00    5.38094e-01    1.34735e+00
-0.800  0.600  -2.000    9.73125e-01   -7.29844e-01    1.11821e+00
-0.800  0.600  -1.600    2.15031e+00   -1.61273e+00    1.72268e+00
-0.800  0.600  -1.200    7.80859e+00   -5.85642e+00    2.96844e+00
-0.800  0.600  -0.800   -7.40273e+00    5.55203e+00    3.10070e+00
-0.800  0.600  -0.400   -1.59269e+00    1.19451e+00    2.14781e+00
-0.800  0.600  0.000    0.00000e+00    0.00000e+00    1.92967e+00
-0.800  0.600  0.400    1.59269e+00   -1.19451e+00    2.14781e+00
-0.800  0.600  0.800    7.40273e+00   -5.55203e+00    3.10070e+00
-0.800  0.600  1.200   -7.80859e+00    5.85642e+00    2.96844e+00
-0.800  0.600  1.600   -2.15031e+00    1.61273e+00    1.72268e+00
-0.800  0.600  2.000   -9.73125e-01    7.29844e-01    1.11821e+00
-0.800  0.800  -2.000    8.34390e-01   -8.34390e-01    8.45918e-01
-0.800  0.800  -1.600    1.74285e+00   -1.74285e+00    9.70557e-01
-0.800  0.800  -1.200    4.54214e+00   -4.54214e+00   -1.70684e+00
-0.800  0.800  -0.800   -4.17269e+00    4.17270e+00   -1.60216e+00
-0.800  0.800  -0.400   -1.24658e+00    1.24658e+00    1.29526e+00
-0.800  0.800  0.000    0.00000e+00    0.00000e+00    1.40616e+00
-0.800  0.800  0.400    1.24658e+00   -1.24658e+00    1.29526e+00
-0.800  0.800  0.800    4.17269e+00   -4.17270e+00   -1.60216e+00
-0.800  0.800  1.200   -4.54214e+00    4.54214e+00   -1.70684e+00
-0.800  0.800  1.600   -1.74285e+00    1.74285e+00    9.70557e-01
-0.800  0.800  2.000   -8.34390e-01    8.34390e-01    8.45918e-01
-0.800  1.000  -2.000    6.76634e-01   -8.45795e-01    5.77374e-01
-0.800  1.000  -1.600    1.25584e+00   -1.56979e+00    3.52723e-01
-0.800  1.000  -1.200    1.82802e+00   -2.28501e+00   -2.05477e+00
-0.800  1.000  -0.800   -1.50020e+00    1.87523e+00   -1.97913e+00
-0.800  1.000  -0.400   -8.28887e-01    1.03611e+00    5.74119e-01
-0.800  1.000  0.000    0.00000e+00    0.00000e+00    8.93836e-01
-0.800  1.000  0.400    8.28887e-01   -1.03611e+00    5.74119e-01
-0.800  1.000  0.800    1.50020e+00   -1.87523e+00   -1.97913e+00
-0.800  1.000  1.200   -1.82802e+00    2.28501e+00   -2.05477e+00
-0.800  1.000  1.600   -1.25584e+00    1.56979e+00    3.52723e-01
-0.800  1.000  2.000   -6.76634e-01    8.45795e-01    5.77374e-01
-0.600  -1.000  -2.000    5.97776e-01    9.96291e-01    7.78627e-01
-0.600  -1.000  -1.600    1.21966e+00    2.03276e+00    8.00228e-01
-0.600  -1.000  -1.200    2.75686e+00    4.59475e+00   -2.06339e+00
-0.600  -1.000  -0.800   -2.48708e+00   -4.14512e+00   -1.96575e+00
-0.600  -1.000  -0.400   -8.59703e-01   -1.43283e+00    1.09960e+00
-0.600  -1.000  0.000    0.00000e+00    0.00000e+00    1.27730e+00
-0.600  -1.000  0.400    8.59703e-01    1.43283e+00    1.09960e+00
-0.600  -1.000  0.800    2.48708e+00    4.14512e+00   -1.96575e+00
-0.600  -1.000  1.200   -2.75686e+00   -4.59475e+00   -2.06339e+00
-0.600  -1.000  1.600   -1.21966e+00   -2.03276e+00    8.00228e-01
-0.600  -1.000  2.000   -5.97776e-01   -9.96291e-01    7.78627e-01
-0.600  -0.800  -2.000    7.29844e-01    9.73126e-01    1.11821e+00
-0.600  -0.800  -1.600    1.61273e+00    2.15031e+00    1.72263e+00
-0.600  -0.800  -1.200    5.85642e+00    7.80858e+00    2.96843e+00
-0.600  -0.800  -0.800   -5.55203e+00   -7.40272e+00    3.10068e+00
-0.600  -0.800  -0.400   -1.19451e+00   -1.59268e+00    2.14776e+00
-0.600  -0.800  0.000    0.00000e+00    0.00000e+00    1.92966e+00
-0.600  -0.800  0.400    1.19451e+00    1.59268e+00    2.14776e+00
-0.600  -0.800  0.800    5.55203e+00    7.40272e+00    3.10068e+00
-0.600  -0.800  1.200   -5.85642e+00   -7.80858e+00    2.96843e+00
-0.600  -0.800  1.600   -1.61273e+00   -2.15031e+00    1.72263e+00
-0.600  -0.800  2.000   -7.29844e-01   -9.73126e-01    1.11821e+00
-0.600  -0.600  -2.000    8.37870e-01    8.37870e-01    1.44636e+00
-0.600  -0.600  -1.600    1.84101e+00    1.84101e+00    2.63917e+00
-0.600  -0.600  -1.200    4.65760e+00    4.65759e+00    8.20009e+00
-0.600  -0.600  -0.800   -4.32303e+00   -4.32303e+00    8.36490e+00
-0.600  -0.600  -0.400   -1.37214e+00   -1.37214e+00    3.18430e+00
-0.600  -0.600  0.000    0.00000e+00    0.00000e+00    2.56315e+00
-0.600  -0.600  0.400    1.37214e+00    1.37214e+00    3.18430e+00
-0.600  -0.600  0.800    4.32303e+00    4.32303e+00    8.36490e+00
-0.600  -0.600  1.200   -4.65760e+00   -4.65759e+00    8.20009e+00
-0.600  -0.600  1.600   -1.84101e+00   -1.84101e+00    2.63917e+00
-0.600  -0.600  2.000   -8.37870e-01   -8.37870e-01    1.44636e+00
-0.600  -0.400  -2.000    9.11744e-01    6.07829e-01    1.70869e+00
-0.600  -0.400  -1.600    1.90235e+00    1.26824e+00    3.27284e+00
-0.600  -0.400  -1.200    3.02679e+00    2.01786e+00    8.37951e+00
-0.600  -0.400  -0.800   -2.66885e+00   -1.77923e+00    8.57090e+00
-0.600  -0.400  -0.400   -1.39489e+00   -9.29928e-01    3.91613e+00
-0.600  -0.400  0.000    0.00000e+00    0.00000e+00    3.07036e+00
-0.600  -0.400  0.400    1.39489e+00    9.29928e-01    3.91613e+00
-0.600  -0.400  0.800    2.66885e+00    1.77923e+00    8.57090e+00
-0.600  -0.400  1.200   -3.02679e+00   -2.01786e+00    8.37951e+00
-0.600  -0.400  1.600   -1.90235e+00   -1.26824e+00    3.27284e+00
-0.600  -0.400  2.000   -9.11744e-01   -6.07829e-01    1.70869e+00
-0.600  -0.200  -2.000    9.52453e-01    3.17484e-01    1.87320e+00
-0.600  -0.200  -1.600    1.89158e+00    6.30527e-01    3.59932e+00
-0.600  -0.200  -1.200    2.34159e+00    7.80523e-01    7.94333e+00
-0.600  -0.200  -0.800   -1.96888e+00   -6.56287e-01    8.15209e+00
-0.600  -0.200  -0.400   -1.36021e+00   -4.53404e-01    4.30639e+00
-0.600  -0.200  0.000    0.00000e+00    0.00000e+00    3.38842e+00
-0.600  -0.200  0.400    1.36021e+00    4.53404e-01    4.30639e+00
-0.600  -0.200  0.800    1.96888e+00    6.56287e-01    8.15209e+00
-0.600  -0.200  1.200   -2.34159e+00   -7.80523e-01    7.94333e+00
-0.600  -0.200  1.600   -1.89158e+00   -6.30527e-01    3.59932e+00
-0.600  -0.200  2.000   -9.52453e-01   -3.17484e-01    1.87320e+00
-0.600  0.000  -2.000    9.65174e-01    2.45071e-10    1.92867e+00
-0.600  0.000  -1.600    1.88055e+00    1.06329e-09    3.69577e+00
-0.600  0.000  -1.200    2.15919e+00   -6.05763e-09    7.77481e+00
-0.600  0.000  -0.800   -1.78144e+00    6.04460e-09    7.98959e+00
-0.600  0.000  -0.400   -1.34112e+00   -1.06215e-09    4.42489e+00
-0.600  0.000  0.000    0.00000e+00    0.00000e+00    3.49562e+00
-0.600  0.000  0.400    1.34112e+00    1.06215e-09    4.42489e+00
-0.600  0.000  0.800    1.78144e+00   -6.04460e-09    7.98959e+00
-0.600  0.000  1.200   -2.15919e+00    6.05763e-09    7.77481e+00
-0.600  0.000  1.600   -1.88055e+00   -1.06329e-09    3.69577e+00
-0.600  0.000  2.000   -9.65174e-01   -2.45071e-10    1.92867e+00
-0.600  0.200  -2.000    9.52453e-01   -3.17484e-01    1.87320e+00
-0.600  0.200  -1.600    1.89158e+00   -6.30527e-01    3.59932e+00
-0.600  0.200  -1.200    2.34159e+00   -7.80523e-01    7.94333e+00
-0.600  0.200  -0.800   -1.96888e+00    6.56287e-01    8.15209e+00
-0.600  0.200  -0.400   -1.36021e+00    4.53404e-01    4.30639e+00
-0.600  0.200  0.000    0.00000e+00    0.00000e+00    3.38842e+00
-0.600  0.200  0.400    1.36021e+00   -4.53404e-01    4.30639e+00
-0.600  0.200  0.800    1.96888e+00   -6.56287e-01    8.15209e+00
-0.600  0.200  1.200   -2.34159e+00    7.80523e-01    7.94333e+00
-0.600  0.200  1.600   -1.89158e+00    6.30527e-01    3.59932e+00
-0.600  0.200  2.000   -9.52453e-01    3.17484e-01    1.87320e+00
-0.600  0.400  -2.000    9.11744e-01   -6.07829e-01    1.70869e+00
-0.600  0.400  -1.600    1.90235e+00   -1.26824e+00    3.27284e+00
-0.600  0.400  -1.200    3.02679e+00   -2.01786e+00    8.37951e+00
-0.600  0.400  -0.800   -2.66885e+00    1.77923e+00    8.57090e+00
-0.600  0.400  -0.400   -1.39489e+00    9.29928e-01    3.91613e+00
-0.600  0.400  0.000    0.00000e+00    0.00000e+00    3.07036e+00
-0.600  0.400  0.400    1.39489e+00   -9.29928e-01    3.91613e+00
-0.600  0.400  0.800    2.66885e+00   -1.77923e+00    8.57090e+00
-0.600  0.400  1.200   -3.02679e+00    2.01786e+00    8.37951e+00
-0.600  0.400  1.600   -1.90235e+00    1.26824e+00    3.27284e+00
-0.600  0.400  2.000   -9.11744e-01    6.07829e-01    1.70869e+00
-0.600  0.600  -2.000    8.37870e-01   -8.37870e-01    1.44636e+00
-0.600  0.600  -1.600    1.84101e+00   -1.84101e+00    2.63917e+00
-0.600  0.600  -1.200    4.65760e+00   -4.65759e+00    8.20009e+00
-0.600  0.600  -0.800   -4.32303e+00    4.32303e+00    8.36490e+00
-0.600  0.600  -0.400   -1.37214e+00    1.37214e+00    3.18430e+00
-0.600  0.600  0.000    0.00000e+00    0.00000e+00    2.56315e+00
-0.600  0.600  0.400    1.37214e+00   -1.37214e+00    3.18430e+00
-0.600  0.600  0.800    4.32303e+00   -4.32303e+00    8.36490e+00
-0.600  0.600  1.200   -4.65760e+00    4.65759e+00    8.20009e+00
-0.600  0.600  1.600   -1.84101e+00    1.84101e+00    2.63917e+00
-0.600  0.600  2.000   -8.37870e-01    8.37870e-01    1.44636e+00
-0.600  0.800  -2.000    7.29844e-01   -9.73126e-01    1.11821e+00
-0.600  0.800  -1.600    1.61273e+00   -2.15031e+00    1.72263e+00
-0.600  0.800  -1.200    5.85642e+00   -7.80858e+00    2.96843e+00
-0.600  0.800  -0.800   -5.55203e+00    7.40272e+00    3.10068e+00
-0.600  0.800  -0.400   -1.19451e+00    1.59268e+00    2.14776e+00
-0.600  0.800  0.000    0.00000e+00    0.00000e+00    1.92966e+00
-0.600  0.800  0.400    1.19451e+00   -1.59268e+00    2.14776e+00
-0.600  0.800  0.800    5.55203e+00   -7.40272e+00    3.10068e+00
-0.600  0.800  1.200   -5.85642e+00    7.80858e+00    2.96843e+00
-0.600  0.800  1.600   -1.61273e+00    2.15031e+00    1.72263e+00
-0.600  0.800  2.000   -7.29844e-01    9.73126e-01    1.11821e+00
-0.600  1.000  -2.000    5.97776e-01   -9.96291e-01    7.78627e-01
-0.600  1.000  -1.600    1.21966e+00   -2.03276e+00    8.00228e-01
-0.600  1.000  -1.200    2.75686e+00   -4.59475e+00   -2.06339e+00
-0.600  1.000  -0.800   -2.48708e+00    4.14512e+00   -1.96575e+00
-0.600  1.000  -0.400   -8.59703e-01    1.43283e+00    1.09960e+00
-0.600  1.000  0.000    0.00000e+00    0.00000e+00    1.27730e+00
-0.600  1.000  0.400    8.59703e-01   -1.43283e+00    1.09960e+00
-0.600  1.000  0.800    2.48708e+00   -4.14512e+00   -1.96575e+00
-0.600  1.000  1.200   -2.75686e+00    4.59475e+00   -2.06339e+00
-0.600  1.000  1.600   -1.21966e+00    2.03276e+00    8.00228e-01
-0.600  1.000  2.000   -5.97776e-01    9.96291e-01    7.78627e-01
-0.400  -1.000  -2.000    4.46151e-01    1.11566e+00    9.55543e-01
-0.400  -1.000  -1.600    9.60459e-01    2.40115e+00    1.26419e+00
-0.400  -1.000  -1.200    3.04769e+00    7.61923e+00   -4.47814e-01
-0.400  -1.000  -0.800   -2.85539e+00   -7.13848e+00   -3.31893e-01
-0.400  -1.000  -0.400   -6.99570e-01   -1.74893e+00    1.62964e+00
-0.400  -1.000  0.000    0.00000e+00    0.00000e+00    1.61658e+00
-0.400  -1.000  0.400    6.99570e-01    1.74893e+00    1.62964e+00
-0.400  -1.000  0.800    2.85539e+00    7.13848e+00   -3.31893e-01
-0.400  -1.000  1.200   -3.04769e+00   -7.61923e+00   -4.47814e-01
-0.400  -1.000  1.600   -9.60459e-01   -2.40115e+00    1.26419e+00
-0.400  -1.000  2.000   -4.46151e-01   -1.11566e+00    9.55543e-01
-0.400  -0.800  -2.000    5.38094e-01    1.07619e+00    1.34735e+00
-0.400  -0.800  -1.600    1.19338e+00    2.38676e+00    2.37163e+00
-0.400  -0.800  -1.200    3.56677e+00    7.13355e+00    7.37878e+00
-0.400  -0.800  -0.800   -3.34967e+00   -6.69935e+00    7.53375e+00
-0.400  -0.800  -0.400   -8.90742e-01   -1.78148e+00    2.88041e+00
-0.400  -0.800  0.000    0.00000e+00    0.00000e+00    2.37183e+00
-0.400  -0.800  0.400    8.90742e-01    1.78148e+00    2.88041e+00
-0.400  -0.800  0.800    3.34967e+00    6.69935e+00    7.53375e+00
-0.400  -0.800  1.200   -3.56677e+00   -7.13355e+00    7.37878e+00
-0.400  -0.800  1.600   -1.19338e+00   -2.38676e+00    2.37163e+00
-0.400  -0.800  2.000   -5.38094e-01   -1.07619e+00    1.34735e+00
-0.400  -0.600  -2.000    6.07829e-01    9.11743e-01    1.70869e+00
-0.400  -0.600  -1.600    1.26824e+00    1.90235e+00    3.27284e+00
-0.400  -0.600  -1.200    2.01786e+00    3.02679e+00    8.37967e+00
-0.400  -0.600  -0.800   -1.77923e+00   -2.66884e+00    8.57107e+00
-0.400  -0.600  -0.400   -9.29929e-01   -1.39489e+00    3.91613e+00
-0.400  -0.600  0.000    0.00000e+00    0.00000e+00    3.07036e+00
-0.400  -0.600  0.400    9.29929e-01    1.39489e+00    3.91613e+00
-0.400  -0.600  0.800    1.77923e+00    2.66884e+00    8.57107e+00
-0.400  -0.600  1.200   -2.01786e+00   -3.02679e+00    8.37967e+00
-0.400  -0.600  1.600   -1.26824e+00   -1.90235e+00    3.27284e+00
-0.400  -0.600  2.000   -6.07829e-01   -9.11743e-01    1.70869e+00
-0.400  -0.400  -2.000    6.51603e-01    6.51603e-01    1.98427e+00
-0.400  -0.400  -1.600    1.24408e+00    1.24408e+00    3.78545e+00
-0.400  -0.400  -1.200    1.33086e+00    1.33086e+00    7.60362e+00
-0.400  -0.400  -0.800   -1.07562e+00   -1.07562e+00    7.82455e+00
-0.400  -0.400  -0.400   -8.79059e-01   -8.79059e-01    4.53699e+00
-0.400  -0.400  0.000    0.00000e+00    0.00000e+00    3.60304e+00
-0.400  -0.400  0.400    8.79059e-01    8.79059e-01    4.53699e+00
-0.400  -0.400  0.800    1.07562e+00    1.07562e+00    7.82455e+00
-0.400  -0.400  1.200   -1.33086e+00   -1.33086e+00    7.60362e+00
-0.400  -0.400  1.600   -1.24408e+00   -1.24408e+00    3.78545e+00
-0.400  -0.400  2.000   -6.51603e-01   -6.51603e-01    1.98427e+00
-0.400  -0.200  -2.000    6.73845e-01    3.36922e-01    2.15077e+00
-0.400  -0.200  -1.600    1.20333e+00    6.01666e-01    4.01227e+00
-0.400  -0.200  -1.200    1.06943e+00    5.34714e-01    7.10127e+00
-0.400  -0.200  -0.800   -8.03727e-01   -4.01863e-01    7.34137e+00
-0.400  -0.200  -0.400   -8.22003e-01   -4.11003e-01    4.83324e+00
-0.400  -0.200  0.000    0.00000e+00    0.00000e+00    3.92442e+00
-0.400  -0.200  0.400    8.22003e-01    4.11003e-01    4.83324e+00
-0.400  -0.200  0.800    8.03727e-01    4.01863e-01    7.34137e+00
-0.400  -0.200  1.200   -1.06943e+00   -5.34714e-01    7.10127e+00
-0.400  -0.200  1.600   -1.20333e+00   -6.01666e-01    4.01227e+00
-0.400  -0.200  2.000   -6.73845e-01   -3.36922e-01    2.15077e+00
-0.400  0.000  -2.000    6.80441e-01    9.10805e-12    2.20577e+00
-0.400  0.000  -1.600    1.18640e+00    3.58061e-10    4.07370e+00
-0.400  0.000  -1.200    9.99787e-01    5.69813e-10    6.94277e+00
-0.400  0.000  -0.800   -7.30517e-01   -5.76269e-10    7.18950e+00
-0.400  0.000  -0.400   -7.99620e-01   -3.70761e-10    4.91851e+00
-0.400  0.000  0.000    0.00000e+00    0.00000e+00    4.03047e+00
-0.400  0.000  0.400    7.99620e-01    3.70761e-10    4.91851e+00
-0.400  0.000  0.800    7.30517e-01    5.76269e-10    7.18950e+00
-0.400  0.000  1.200   -9.99787e-01   -5.69813e-10    6.94277e+00
-0.400  0.000  1.600   -1.18640e+00   -3.58061e-10    4.07370e+00
-0.400  0.000  2.000   -6.80441e-01   -9.10805e-12    2.20577e+00
-0.400  0.200  -2.000    6.73845e-01   -3.36922e-01    2.15077e+00
-0.400  0.200  -1.600    1.20333e+00   -6.01666e-01    4.01227e+00
-0.400  0.200  -1.200    1.06943e+00   -5.34714e-01    7.10127e+00
-0.400  0.200  -0.800   -8.03727e-01    4.01863e-01    7.34137e+00
-0.400  0.200  -0.400   -8.22003e-01    4.11003e-01    4.83324e+00
-0.400  0.200  0.000    0.00000e+00    0.00000e+00    3.92442e+00
-0.400  0.200  0.400    8.22003e-01   -4.11003e-01    4.83324e+00
-0.400  0.200  0.800    8.03727e-01   -4.01863e-01    7.34137e+00
-0.400  0.200  1.200   -1.06943e+00    5.34714e-01    7.10127e+00
-0.400  0.200  1.600   -1.20333e+00    6.01666e-01    4.01227e+00
-0.400  0.200  2.000   -6.73845e-01    3.36922e-01    2.15077e+00
-0.400  0.400  -2.000    6.51603e-01   -6.51603e-01    1.98427e+00
-0.400  0.400  -1.600    1.24408e+00   -1.24408e+00    3.78545e+00
-0.400  0.400  -1.200    1.33086e+00   -1.33086e+00    7.60362e+00
-0.400  0.400  -0.800   -1.07562e+00    1.07562e+00    7.82455e+00
-0.400  0.400  -0.400   -8.79059e-01    8.79059e-01    4.53699e+00
-0.400  0.400  0.000    0.00000e+00    0.00000e+00    3.60304e+00
-0.400  0.400  0.400    8.79059e-01   -8.79059e-01    4.53699e+00
-0.400  0.400  0.800    1.07562e+00   -1.07562e+00    7.82455e+00
-0.400  0.400  1.200   -1.33086e+00    1.33086e+00    7.60362e+00
-0.400  0.400  1.600   -1.24408e+00    1.24408e+00    3.78545e+00
-0.400  0.400  2.000   -6.51603e-01    6.51603e-01    1.98427e+00
-0.400  0.600  -2.000    6.07829e-01   -9.11743e-01    1.70869e+00
-0.400  0.600  -1.600    1.26824e+00   -1.90235e+00    3.27284e+00
-0.400  0.600  -1.200    2.01786e+00   -3.02679e+00    8.37967e+00
-0.400  0.600  -0.800   -1.77923e+00    2.66884e+00    8.57107e+00
-0.400  0.600  -0.400   -9.29929e-01    1.39489e+00    3.91613e+00
-0.400  0.600  0.000    0.00000e+00    0.00000e+00    3.07036e+00
-0.400  0.600  0.400    9.29929e-01   -1.39489e+00    3.91613e+00
-0.400  0.600  0.800    1.77923e+00   -2.66884e+00    8.57107e+00
-0.400  0.600  1.200   -2.01786e+00    3.02679e+00    8.37967e+00
-0.400  0.600  1.600   -1.26824e+00    1.90235e+00    3.27284e+00
-0.400  0.600  2.000   -6.07829e-01    9.11743e-01    1.70869e+00
-0.400  0.800  -2.000    5.38094e-01   -1.07619e+00    1.34735e+00
-0.400  0.800  -1.600    1.19338e+00   -2.38676e+00    2.37163e+00
-0.400  0.800  -1.200    3.56677e+00   -7.13355e+00    7.37878e+00
-0.400  0.800  -0.800   -3.34967e+00    6.69935e+00    7.53375e+00
-0.400  0.800  -0.400   -8.90742e-01    1.78148e+00    2.88041e+00
-0.400  0.800  0.000    0.00000e+00    0.00000e+00    2.37183e+00
-0.400  0.800  0.400    8.90742e-01   -1.78148e+00    2.88041e+00
-0.400  0.800  0.800    3.34967e+00   -6.69935e+00    7.53375e+00
-0.400  0.800  1.200   -3.56677e+00    7.13355e+00    7.37878e+00
-0.400  0.800  1.600   -1.19338e+00    2.38676e+00    2.37163e+00
-0.400  0.800  2.000   -5.38094e-01    1.07619e+00    1.34735e+00
-0.400  1.000  -2.000    4.46151e-01   -1.11566e+00    9.55543e-01
-0.400  1.000  -1.600    9.60459e-01   -2.40115e+00    1.26419e+00
-0.400  1.000  -1.200    3.04769e+00   -7.61923e+00   -4.47814e-01
-0.400  1.000  -0.800   -2.85539e+00    7.13848e+00   -3.31893e-01
-0.400  1.000  -0.400   -6.99570e-01    1.74893e+00    1.62964e+00
-0.400  1.000  0.000    0.00000e+00    0.00000e+00    1.61658e+00
-0.400  1.000  0.400    6.99570e-01   -1.74893e+00    1.62964e+00
-0.400  1.000  0.800    2.85539e+00   -7.13848e+00   -3.31893e-01
-0.400  1.000  1.200   -3.04769e+00    7.61923e+00   -4.47814e-01
-0.400  1.000  1.600   -9.60459e-01    2.40115e+00    1.26419e+00
-0.400  1.000  2.000   -4.46151e-01    1.11566e+00    9.55543e-01
-0.200  -1.000  -2.000    2.38181e-01    1.19090e+00    1.07578e+00
-0.200  -1.000  -1.600    5.23749e-01    2.61874e+00    1.60158e+00
-0.200  -1.000  -1.200    1.87882e+00    9.39406e+00    1.96117e+00
-0.200  -1.000  -0.800   -1.77871e+00   -8.89352e+00    2.08919e+00
-0.200  -1.000  -0.400   -3.86631e-01   -1.93316e+00    2.01120e+00
-0.200  -1.000  0.000    0.00000e+00    0.00000e+00    1.84791e+00
-0.200  -1.000  0.400    3.86631e-01    1.93316e+00    2.01120e+00
-0.200  -1.000  0.800    1.77871e+00    8.89352e+00    2.08919e+00
-0.200  -1.000  1.200   -1.87882e+00   -9.39406e+00    1.96117e+00
-0.200  -1.000  1.600   -5.23749e-01   -2.61874e+00    1.60158e+00
-0.200  -1.000  2.000   -2.38181e-01   -1.19090e+00    1.07578e+00
-0.200  -0.800  -2.000    2.84353e-01    1.13741e+00    1.49726e+00
-0.200  -0.800  -1.600    6.20372e-01    2.48149e+00    2.77154e+00
-0.200  -0.800  -1.200    1.43202e+00    5.72808e+00    8.40673e+00
-0.200  -0.800  -0.800   -1.31898e+00   -5.27592e+00    8.57663e+00
-0.200  -0.800  -0.400   -4.61559e-01   -1.84624e+00    3.33548e+00
-0.200  -0.800  0.000    0.00000e+00    0.00000e+00    2.66154e+00
-0.200  -0.800  0.400    4.61559e-01    1.84624e+00    3.33548e+00
-0.200  -0.800  0.800    1.31898e+00    5.27592e+00    8.57663e+00
-0.200  -0.800  1.200   -1.43202e+00   -5.72808e+00    8.40673e+00
-0.200  -0.800  1.600   -6.20372e-01   -2.48149e+00    2.77154e+00
-0.200  -0.800  2.000   -2.84353e-01   -1.13741e+00    1.49726e+00
-0.200  -0.600  -2.000    3.17484e-01    9.52453e-01    1.87320e+00
-0.200  -0.600  -1.600    6.30525e-01    1.89158e+00    3.59932e+00
-0.200  -0.600  -1.200    7.80525e-01    2.34157e+00    7.94331e+00
-0.200  -0.600  -0.800   -6.56289e-01   -1.96886e+00    8.15207e+00
-0.200  -0.600  -0.400   -4.53403e-01   -1.36021e+00    4.30639e+00
-0.200  -0.600  0.000    0.00000e+00    0.00000e+00    3.38842e+00
-0.200  -0.600  0.400    4.53403e-01    1.36021e+00    4.30639e+00
-0.200  -0.600  0.800    6.56289e-01    1.96886e+00    8.15207e+00
-0.200  -0.600  1.200   -7.80525e-01   -2.34157e+00    7.94331e+00
-0.200  -0.600  1.600   -6.30525e-01   -1.89158e+00    3.59932e+00
-0.200  -0.600  2.000   -3.17484e-01   -9.52453e-01    1.87320e+00
-0.200  -0.400  -2.000    3.36922e-01    6.73845e-01    2.15077e+00
-0.200  -0.400  -1.600    6.01661e-01    1.20333e+00    4.01227e+00
-0.200  -0.400  -1.200    5.34714e-01    1.06943e+00    7.10127e+00
-0.200  -0.400  -0.800   -4.01863e-01   -8.03726e-01    7.34137e+00
-0.200  -0.400  -0.400   -4.10997e-01   -8.22003e-01    4.83324e+00
-0.200  -0.400  0.000    0.00000e+00    0.00000e+00    3.92442e+00
-0.200  -0.400  0.400    4.10997e-01    8.22003e-01    4.83324e+00
-0.200  -0.400  0.800    4.01863e-01    8.03726e-01    7.34137e+00
-0.200  -0.400  1.200   -5.34714e-01   -1.06943e+00    7.10127e+00
-0.200  -0.400  1.600   -6.01661e-01   -1.20333e+00    4.01227e+00
-0.200  -0.400  2.000   -3.36922e-01   -6.73845e-01    2.15077e+00
-0.200  -0.200  -2.000    3.46139e-01    3.46139e-01    2.31432e+00
-0.200  -0.200  -1.600    5.74344e-01    5.74344e-01    4.17596e+00
-0.200  -0.200  -1.200    4.40452e-01    4.40452e-01    6.64359e+00
-0.200  -0.200  -0.800   -3.02189e-01   -3.02189e-01    6.90394e+00
-0.200  -0.200  -0.400   -3.75499e-01   -3.75499e-01    5.06936e+00
-0.200  -0.200  0.000    0.00000e+00    0.00000e+00    4.23951e+00
-0.200  -0.200  0.400    3.75499e-01    3.75499e-01    5.06936e+00
-0.200  -0.200  0.800    3.02189e-01    3.02189e-01    6.90394e+00
-0.200  -0.200  1.200   -4.40452e-01   -4.40452e-01    6.64359e+00
-0.200  -0.200  1.600   -5.74344e-01   -5.74344e-01    4.17596e+00
-0.200  -0.200  2.000   -3.46139e-01   -3.46139e-01    2.31432e+00
-0.200  0.000  -2.000    3.48743e-01   -1.02601e-11    2.36763e+00
-0.200  0.000  -1.600    5.64143e-01   -1.79540e-11    4.21722e+00
-0.200  0.000  -1.200    4.15053e-01    5.11295e-12    6.50336e+00
-0.200  0.000  -0.800   -2.74946e-01   -5.89537e-12    6.77070e+00
-0.200  0.000  -0.400   -3.62575e-01    1.51057e-11    5.13536e+00
-0.200  0.000  0.000    0.00000e+00    0.00000e+00    4.34202e+00
-0.200  0.000  0.400    3.62575e-01   -1.51057e-11    5.13536e+00
-0.200  0.000  0.800    2.74946e-01    5.89537e-12    6.77070e+00
-0.200  0.000  1.200   -4.15053e-01   -5.11295e-12    6.50336e+00
-0.200  0.000  1.600   -5.64143e-01    1.79540e-11    4.21722e+00
-0.200  0.000  2.000   -3.48743e-01    1.02601e-11    2.36763e+00
-0.200  0.200  -2.000    3.46139e-01   -3.46139e-01    2.31432e+00
-0.200  0.200  -1.600    5.74344e-01   -5.74344e-01    4.17596e+00
-0.200  0.200  -1.200    4.40452e-01   -4.40452e-01    6.64359e+00
-0.200  0.200  -0.800   -3.02189e-01    3.02189e-01    6.90394e+00
-0.200  0.200  -0.400   -3.75499e-01    3.75499e-01    5.06936e+00
-0.200  0.200  0.000    0.00000e+00    0.00000e+00    4.23951e+00
-0.200  0.200  0.400    3.75499e-01   -3.75499e-01    5.06936e+00
-0.200  0.200  0.800    3.02189e-01   -3.02189e-01    6.90394e+00
-0.200  0.200  1.200   -4.40452e-01    4.40452e-01    6.64359e+00
-0.200  0.200  1.600   -5.74344e-01    5.74344e-01    4.17596e+00
-0.200  0.200  2.000   -3.46139e-01    3.46139e-01    2.31432e+00
-0.200  0.400  -2.000    3.36922e-01   -6.73845e-01    2.15077e+00
-0.200  0.400  -1.600    6.01661e-01   -1.20333e+00    4.01227e+00
-0.200  0.400  -1.200    5.34714e-01   -1.06943e+00    7.10127e+00
-0.200  0.400  -0.800   -4.01863e-01    8.03726e-01    7.34137e+00
-0.200  0.400  -0.400   -4.10997e-01    8.22003e-01    4.83324e+00
-0.200  0.400  0.000    0.00000e+00    0.00000e+00    3.92442e+00
-0.200  0.400  0.400    4.10997e-01   -8.22003e-01    4.83324e+00
-0.200  0.400  0.800    4.01863e-01   -8.03726e-01    7.34137e+00
-0.200  0.400  1.200   -5.34714e-01    1.06943e+00    7.10127e+00
-0.200  0.400  1.600   -6.01661e-01    1.20333e+00    4.01227e+00
-0.200  0.400  2.000   -3.36922e-01    6.73845e-01    2.15077e+00
-0.200  0.600  -2.000    3.17484e-01   -9.52453e-01    1.87320e+00
-0.200  0.600  -1.600    6.30525e-01   -1.89158e+00    3.59932e+00
-0.200  0.600  -1.200    7.80525e-01   -2.34157e+00    7.94331e+00
-0.200  0.600  -0.800   -6.56289e-01    1.96886e+00    8.15207e+00
-0.200  0.600  -0.400   -4.53403e-01    1.36021e+00    4.30639e+00
-0.200  0.600  0.000    0.00000e+00    0.00000e+00    3.38842e+00
-0.200  0.600  0.400    4.53403e-01   -1.36021e+00    4.30639e+00
-0.200  0.600  0.800    6.56289e-01   -1.96886e+00    8.15207e+00
-0.200  0.600  1.200   -7.80525e-01    2.34157e+00    7.94331e+00
-0.200  0.600  1.600   -6.30525e-01    1.89158e+00    3.59932e+00
-0.200  0.600  2.000   -3.17484e-01    9.52453e-01    1.87320e+00
-0.200  0.800  -2.000    2.84353e-01   -1.13741e+00    1.49726e+00
-0.200  0.800  -1.600    6.20372e-01   -2.48149e+00    2.77154e+00
-0.200  0.800  -1.200    1.43202e+00   -5.72808e+00    8.40673e+00
-0.200  0.800  -0.800   -1.31898e+00    5.27592e+00    8.57663e+00
-0.200  0.800  -0.400   -4.61559e-01    1.84624e+00    3.33548e+00
-0.200  0.800  0.000    0.00000e+00    0.00000e+00    2.66154e+00
-0.200  0.800  0.400    4.61559e-01   -1.84624e+00    3.33548e+00
-0.200  0.800  0.800    1.31898e+00   -5.27592e+00    8.57663e+00
-0.200  0.800  1.200   -1.43202e+00    5.72808e+00    8.40673e+00
-0.200  0.800  1.600   -6.20372e-01    2.48149e+00    2.77154e+00
-0.200  0.800  2.000   -2.84353e-01    1.13741e+00    1.49726e+00
-0.200  1.000  -2.000    2.38181e-01   -1.19090e+00    1.07578e+00
-0.200  1.000  -1.600    5.23749e-01   -2.61874e+00    1.60158e+00
-0.200  1.000  -1.200    1.87882e+00   -9.39406e+00    1.96117e+00
-0.200  1.000  -0.800   -1.77871e+00    8.89352e+00    2.08919e+00
-0.200  1.000  -0.400   -3.86631e-01    1.93316e+00    2.01120e+00
-0.200  1.000  0.000    0.00000e+00    0.00000e+00    1.84791e+00
-0.200  1.000  0.400    3.86631e-01   -1.93316e+00    2.01120e+00
-0.200  1.000  0.800    1.77871e+00   -8.89352e+00    2.08919e+00
-0.200  1.000  1.200   -1.87882e+00    9.39406e+00    1.96117e+00
-0.200  1.000  1.600   -5.23749e-01    2.61874e+00    1.60158e+00
-0.200  1.000  2.000   -2.38181e-01    1.19090e+00    1.07578e+00
0.000  -1.000  -2.000   -3.63807e-07    1.21641e+00    1.11821e+00
0.000  -1.000  -1.600    1.00883e-06    2.68789e+00    1.72266e+00
0.000  -1.000  -1.200    4.75251e-07    9.76074e+00    2.96843e+00
0.000  -1.000  -0.800   -4.45986e-07   -9.25341e+00    3.10068e+00
0.000  -1.000  -0.400   -9.75180e-07   -1.99086e+00    2.14780e+00
0.000  -1.000  0.000    0.00000e+00    0.00000e+00    1.92966e+00
0.000  -1.000  0.400    9.75180e-07    1.99086e+00    2.14780e+00
0.000  -1.000  0.800    4.45986e-07    9.25341e+00    3.10068e+00
0.000  -1.000  1.200   -4.75251e-07   -9.76074e+00    2.96843e+00
0.000  -1.000  1.600   -1.00883e-06   -2.68789e+00    1.72266e+00
0.000  -1.000  2.000    3.63807e-07   -1.21641e+00    1.11821e+00
0.000  -0.800  -2.000   -2.08247e-07    1.15744e+00    1.54902e+00
0.000  -0.800  -1.600    2.22148e-07    2.50321e+00    2.90188e+00
0.000  -0.800  -1.200    9.71659e-07    5.25875e+00    8.50641e+00
0.000  -0.800  -0.800   -9.39469e-07   -4.80044e+00    8.68151e+00
0.000  -0.800  -0.400   -2.10270e-07   -1.85775e+00    3.48504e+00
0.000  -0.800  0.000    0.00000e+00    0.00000e+00    2.76161e+00
0.000  -0.800  0.400    2.10270e-07    1.85775e+00    3.48504e+00
0.000  -0.800  0.800    9.39469e-07    4.80044e+00    8.68151e+00
0.000  -0.800  1.200   -9.71659e-07   -5.25875e+00    8.50641e+00
0.000  -0.800  1.600   -2.22148e-07   -2.50321e+00    2.90188e+00
0.000  -0.800  2.000    2.08247e-07   -1.15744e+00    1.54902e+00
0.000  -0.600  -2.000    8.50537e-07    9.65175e-01    1.92867e+00
0.000  -0.600  -1.600   -8.36773e-07    1.88055e+00    3.69577e+00
0.000  -0.600  -1.200    6.05112e-07    2.15919e+00    7.77480e+00
0.000  -0.600  -0.800   -5.70271e-07   -1.78144e+00    7.98959e+00
0.000  -0.600  -0.400    8.67587e-07   -1.34112e+00    4.42489e+00
0.000  -0.600  0.000    0.00000e+00    0.00000e+00    3.49562e+00
0.000  -0.600  0.400   -8.67587e-07    1.34112e+00    4.42489e+00
0.000  -0.600  0.800    5.70271e-07    1.78144e+00    7.98959e+00
0.000  -0.600  1.200   -6.05112e-07   -2.15919e+00    7.77480e+00
0.000  -0.600  1.600    8.36773e-07   -1.88055e+00    3.69577e+00
0.000  -0.600  2.000   -8.50537e-07   -9.65175e-01    1.92867e+00
0.000  -0.400  -2.000   -5.42714e-07    6.80440e-01    2.20577e+00
0.000  -0.400  -1.600   -6.56719e-08    1.18640e+00    4.07370e+00
0.000  -0.400  -1.200   -2.79315e-07    9.99786e-01    6.94277e+00
0.000  -0.400  -0.800    3.24377e-07   -7.30516e-01    7.18950e+00
0.000  -0.400  -0.400    1.04668e-07   -7.99620e-01    4.91850e+00
0.000  -0.400  0.000    0.00000e+00    0.00000e+00    4.03047e+00
0.000  -0.400  0.400   -1.04668e-07    7.99620e-01    4.91850e+00
0.000  -0.400  0.800   -3.24377e-07    7.30516e-01    7.18950e+00
0.000  -0.400  1.200    2.79315e-07   -9.99786e-01    6.94277e+00
0.000  -0.400  1.600    6.56719e-08   -1.18640e+00    4.07370e+00
0.000  -0.400  2.000    5.42714e-07   -6.80440e-01    2.20577e+00
0.000  -0.200  -2.000    6.29052e-08    3.48742e-01    2.36763e+00
0.000  -0.200  -1.600    1.33109e-07    5.64142e-01    4.21722e+00
0.000  -0.200  -1.200   -3.31504e-07    4.15053e-01    6.50336e+00
0.000  -0.200  -0.800    1.42303e-07   -2.74946e-01    6.77070e+00
0.000  -0.200  -0.400   -8.88115e-08   -3.62575e-01    5.13536e+00
0.000  -0.200  0.000    0.00000e+00    0.00000e+00    4.34202e+00
0.000  -0.200  0.400    8.88115e-08    3.62575e-01    5.13536e+00
0.000  -0.200  0.800   -1.42303e-07    2.74946e-01    6.77070e+00
0.000  -0.200  1.200    3.31504e-07   -4.15053e-01    6.50336e+00
0.000  -0.200  1.600   -1.33109e-07   -5.64142e-01    4.21722e+00
0.000  -0.200  2.000   -6.29052e-08   -3.48742e-01    2.36763e+00
0.000  0.000  -2.000    4.80617e-08   -2.44151e-15    2.42013e+00
0.000  0.000  -1.600    5.34378e-08   -2.61590e-15    4.25227e+00
0.000  0.000  -1.200    3.69189e-08   -1.91833e-15    6.36941e+00
0.000  0.000  -0.800    1.88593e-09   -5.99477e-17    6.64387e+00
0.000  0.000  -0.400   -1.10819e-08    4.79582e-16    5.19540e+00
0.000  0.000  0.000    0.00000e+00    0.00000e+00    4.44288e+00
0.000  0.000  0.400    1.10819e-08   -4.79582e-16    5.19540e+00
0.000  0.000  0.800   -1.88593e-09    5.99477e-17    6.64387e+00
0.000  0.000  1.200   -3.69189e-08    1.91833e-15    6.36941e+00
0.000  0.000  1.600   -5.34378e-08    2.61590e-15    4.25227e+00
0.000  0.000  2.000   -4.80617e-08    2.44151e-15    2.42013e+00
0.000  0.200  -2.000    6.29052e-08   -3.48742e-01    2.36763e+00
0.000  0.200  -1.600    1.33109e-07   -5.64142e-01    4.21722e+00
0.000  0.200  -1.200   -3.31495e-07   -4.15053e-01    6.50336e+00
0.000  0.200  -0.800    1.42294e-07    2.74946e-01    6.77070e+00
0.000  0.200  -0.400   -8.88115e-08    3.62575e-01    5.13536e+00
0.000  0.200  0.000    0.00000e+00    0.00000e+00    4.34202e+00
0.000  0.200  0.400    8.88115e-08   -3.62575e-01    5.13536e+00
0.000  0.200  0.800   -1.42294e-07   -2.74946e-01    6.77070e+00
0.000  0.200  1.200    3.31495e-07    4.15053e-01    6.50336e+00
0.000  0.200  1.600   -1.33109e-07    5.64142e-01    4.21722e+00
0.000  0.200  2.000   -6.29052e-08    3.48742e-01    2.36763e+00
0.000  0.400  -2.000   -5.42698e-07   -6.80440e-01    2.20577e+00
0.000  0.400  -1.600   -6.56719e-08   -1.18640e+00    4.07370e+00
0.000  0.400  -1.200   -2.79302e-07   -9.99786e-01    6.94277e+00
0.000  0.400  -0.800    3.24364e-07    7.30516e-01    7.18950e+00
0.000  0.400  -0.400    1.04668e-07    7.99620e-01    4.91850e+00
0.000  0.400  0.000    0.00000e+00    0.00000e+00    4.03047e+00
0.000  0.400  0.400   -1.04668e-07   -7.99620e-01    4.91850e+00
0.000  0.400  0.800   -3.24364e-07   -7.30516e-01    7.18950e+00
0.000  0.400  1.200    2.79302e-07    9.99786e-01    6.94277e+00
0.000  0.400  1.600    6.56719e-08    1.18640e+00    4.07370e+00
0.000  0.400  2.000    5.42698e-07    6.80440e-01    2.20577e+00
0.000  0.600  -2.000    8.50538e-07   -9.65175e-01    1.92867e+00
0.000  0.600  -1.600   -8.36771e-07   -1.88055e+00    3.69577e+00
0.000  0.600  -1.200    6.05125e-07   -2.15919e+00    7.77480e+00
0.000  0.600  -0.800   -5.70284e-07    1.78144e+00    7.98959e+00
0.000  0.600  -0.400    8.67585e-07    1.34112e+00    4.42489e+00
0.000  0.600  0.000    0.00000e+00    0.00000e+00    3.49562e+00
0.000  0.600  0.400   -8.67585e-07   -1.34112e+00    4.42489e+00
0.000  0.600  0.800    5.70284e-07   -1.78144e+00    7.98959e+00
0.000  0.600  1.200   -6.05125e-07    2.15919e+00    7.77480e+00
0.000  0.600  1.600    8.36771e-07    1.88055e+00    3.69577e+00
0.000  0.600  2.000   -8.50538e-07    9.65175e-01    1.92867e+00
0.000  0.800  -2.000   -2.08247e-07   -1.15744e+00    1.54902e+00
0.000  0.800  -1.600    2.22175e-07   -2.50321e+00    2.90188e+00
0.000  0.800  -1.200    9.71715e-07   -5.25875e+00    8.50641e+00
0.000  0.800  -0.800   -9.39525e-07    4.80044e+00    8.68151e+00
0.000  0.800  -0.400   -2.10297e-07    1.85775e+00    3.48504e+00
0.000  0.800  0.000    0.00000e+00    0.00000e+00    2.76161e+00
0.000  0.800  0.400    2.10297e-07   -1.85775e+00    3.48504e+00
0.000  0.800  0.800    9.39525e-07   -4.80044e+00    8.68151e+00
0.000  0.800  1.200   -9.71715e-07    5.25875e+00    8.50641e+00
0.000  0.800  1.600   -2.22175e-07    2.50321e+00    2.90188e+00
0.000  0.800  2.000    2.08247e-07    1.15744e+00    1.54902e+00
0.000  1.000  -2.000   -3.63790e-07   -1.21641e+00    1.11821e+00
0.000  1.000  -1.600    1.00884e-06   -2.68789e+00    1.72266e+00
0.000  1.000  -1.200    4.75315e-07   -9.76074e+00    2.96843e+00
0.000  1.000  -0.800   -4.46050e-07    9.25341e+00    3.10068e+00
0.000  1.000  -0.400   -9.75192e-07    1.99086e+00    2.14780e+00
0.000  1.000  0.000    0.00000e+00    0.00000e+00    1.92966e+00
0.000  1.000  0.400    9.75192e-07   -1.99086e+00    2.14780e+00
0.000  1.000  0.800    4.46050e-07   -9.25341e+00    3.10068e+00
0.000  1.000  1.200   -4.75315e-07    9.76074e+00    2.96843e+00
0.000  1.000  1.600   -1.00884e-06    2.68789e+00    1.72266e+00
0.000  1.000  2.000    3.63790e-07    1.21641e+00    1.11821e+00
0.200  -1.000  -2.000   -2.38181e-01    1.19090e+00    1.07578e+00
0.200  -1.000  -1.600   -5.23749e-01    2.61874e+00    1.60158e+00
0.200  -1.000  -1.200   -1.87881e+00    9.39407e+00    1.96117e+00
0.200  -1.000  -0.800    1.77871e+00   -8.89353e+00    2.08919e+00
0.200  -1.000  -0.400    3.86631e-01   -1.93316e+00    2.01120e+00
0.200  -1.000  0.000    0.00000e+00    0.00000e+00    1.84791e+00
0.200  -1.000  0.400   -3.86631e-01    1.93316e+00    2.01120e+00
0.200  -1.000  0.800   -1.77871e+00    8.89353e+00    2.08919e+00
0.200  -1.000  1.200    1.87881e+00   -9.39407e+00    1.96117e+00
0.200  -1.000  1.600    5.23749e-01   -2.61874e+00    1.60158e+00
0.200  -1.000  2.000    2.38181e-01   -1.19090e+00    1.07578e+00
0.200  -0.800  -2.000   -2.84353e-01    1.13741e+00    1.49726e+00
0.200  -0.800  -1.600   -6.20376e-01    2.48149e+00    2.77154e+00
0.200  -0.800  -1.200   -1.43202e+00    5.72808e+00    8.40673e+00
0.200  -0.800  -0.800    1.31898e+00   -5.27592e+00    8.57663e+00
0.200  -0.800  -0.400    4.61563e-01   -1.84624e+00    3.33548e+00
0.200  -0.800  0.000    0.00000e+00    0.00000e+00    2.66154e+00
0.200  -0.800  0.400   -4.61563e-01    1.84624e+00    3.33548e+00
0.200  -0.800  0.800   -1.31898e+00    5.27592e+00    8.57663e+00
0.200  -0.800  1.200    1.43202e+00   -5.72808e+00    8.40673e+00
0.200  -0.800  1.600    6.20376e-01   -2.48149e+00    2.77154e+00
0.200  -0.800  2.000    2.84353e-01   -1.13741e+00    1.49726e+00
0.200  -0.600  -2.000   -3.17484e-01    9.52452e-01    1.87320e+00
0.200  -0.600  -1.600   -6.30526e-01    1.89158e+00    3.59932e+00
0.200  -0.600  -1.200   -7.80523e-01    2.34157e+00    7.94331e+00
0.200  -0.600  -0.800    6.56287e-01   -1.96886e+00    8.15207e+00
0.200  -0.600  -0.400    4.53403e-01   -1.36021e+00    4.30639e+00
0.200  -0.600  0.000    0.00000e+00    0.00000e+00    3.38842e+00
0.200  -0.600  0.400   -4.53403e-01    1.36021e+00    4.30639e+00
0.200  -0.600  0.800   -6.56287e-01    1.96886e+00    8.15207e+00
0.200  -0.600  1.200    7.80523e-01   -2.34157e+00    7.94331e+00
0.200  -0.600  1.600    6.30526e-01   -1.89158e+00    3.59932e+00
0.200  -0.600  2.000    3.17484e-01   -9.52452e-01    1.87320e+00
0.200  -0.400  -2.000   -3.36922e-01    6.73845e-01    2.15077e+00
0.200  -0.400  -1.600   -6.01662e-01    1.20333e+00    4.01227e+00
0.200  -0.400  -1.200   -5.34714e-01    1.06943e+00    7.10128e+00
0.200  -0.400  -0.800    4.01863e-01   -8.03726e-01    7.34137e+00
0.200  -0.400  -0.400    4.10999e-01   -8.22003e-01    4.83324e+00
0.200  -0.400  0.000    0.00000e+00    0.00000e+00    3.92442e+00
0.200  -0.400  0.400   -4.10999e-01    8.22003e-01    4.83324e+00
0.200  -0.400  0.800   -4.01863e-01    8.03726e-01    7.34137e+00
0.200  -0.400  1.200    5.34714e-01   -1.06943e+00    7.10128e+00
0.200  -0.400  1.600    6.01662e-01   -1.20333e+00    4.01227e+00
0.200  -0.400  2.000    3.36922e-01   -6.73845e-01    2.15077e+00
0.200  -0.200  -2.000   -3.46139e-01    3.46139e-01    2.31432e+00
0.200  -0.200  -1.600   -5.74309e-01    5.74344e-01    4.17596e+00
0.200  -0.200  -1.200   -4.40452e-01    4.40452e-01    6.64359e+00
0.200  -0.200  -0.800    3.02189e-01   -3.02189e-01    6.90394e+00
0.200  -0.200  -0.400    3.75499e-01   -3.75499e-01    5.06936e+00
0.200  -0.200  0.000    0.00000e+00    0.00000e+00    4.23951e+00
0.200  -0.200  0.400   -3.75499e-01    3.75499e-01    5.06936e+00
0.200  -0.200  0.800   -3.02189e-01    3.02189e-01    6.90394e+00
0.200  -0.200  1.200    4.40452e-01   -4.40452e-01    6.64359e+00
0.200  -0.200  1.600    5.74309e-01   -5.74344e-01    4.17596e+00
0.200  -0.200  2.000    3.46139e-01   -3.46139e-01    2.31432e+00
0.200  0.000  -2.000   -3.48742e-01    1.02552e-11    2.36763e+00
0.200  0.000  -1.600   -5.64142e-01    1.79480e-11    4.21722e+00
0.200  0.000  -1.200   -4.15053e-01   -5.11723e-12    6.50336e+00
0.200  0.000  -0.800    2.74946e-01    5.89580e-12    6.77070e+00
0.200  0.000  -0.400    3.62575e-01   -1.51043e-11    5.13536e+00
0.200  0.000  0.000    0.00000e+00    0.00000e+00    4.34202e+00
0.200  0.000  0.400   -3.62575e-01    1.51043e-11    5.13536e+00
0.200  0.000  0.800   -2.74946e-01   -5.89580e-12    6.77070e+00
0.200  0.000  1.200    4.15053e-01    5.11723e-12    6.50336e+00
0.200  0.000  1.600    5.64142e-01   -1.79480e-11    4.21722e+00
0.200  0.000  2.000    3.48742e-01   -1.02552e-11    2.36763e+00
0.200  0.200  -2.000   -3.46139e-01   -3.46139e-01    2.31432e+00
0.200  0.200  -1.600   -5.74309e-01   -5.74344e-01    4.17596e+00
0.200  0.200  -1.200   -4.40452e-01   -4.40452e-01    6.64359e+00
0.200  0.200  -0.800    3.02189e-01    3.02189e-01    6.90394e+00
0.200  0.200  -0.400    3.75499e-01    3.75499e-01    5.06936e+00
0.200  0.200  0.000    0.00000e+00    0.00000e+00    4.23951e+00
0.200  0.200  0.400   -3.75499e-01   -3.75499e-01    5.06936e+00
0.200  0.200  0.800   -3.02189e-01   -3.02189e-01    6.90394e+00
0.200  0.200  1.200    4.40452e-01    4.40452e-01    6.64359e+00
0.200  0.200  1.600    5.74309e-01    5.74344e-01    4.17596e+00
0.200  0.200  2.000    3.46139e-01    3.46139e-01    2.31432e+00
0.200  0.400  -2.000   -3.36922e-01   -6.73845e-01    2.15077e+00
0.200  0.400  -1.600   -6.01662e-01   -1.20333e+00    4.01227e+00
0.200  0.400  -1.200   -5.34714e-01   -1.06943e+00    7.10128e+00
0.200  0.400  -0.800    4.01863e-01    8.03726e-01    7.34137e+00
0.200  0.400  -0.400    4.10999e-01    8.22003e-01    4.83324e+00
0.200  0.400  0.000    0.00000e+00    0.00000e+00    3.92442e+00
0.200  0.400  0.400   -4.10999e-01   -8.22003e-01    4.83324e+00
0.200  0.400  0.800   -4.01863e-01   -8.03726e-01    7.34137e+00
0.200  0.400  1.200    5.34714e-01    1.06943e+00    7.10128e+00
0.200  0.400  1.600    6.01662e-01    1.20333e+00    4.01227e+00
0.200  0.400  2.000    3.36922e-01    6.73845e-01    2.15077e+00
0.200  0.600  -2.000   -3.17484e-01   -9.52452e-01    1.87320e+00
0.200  0.600  -1.600   -6.30526e-01   -1.89158e+00    3.59932e+00
0.200  0.600  -1.200   -7.80523e-01   -2.34157e+00    7.94331e+00
0.200  0.600  -0.800    6.56287e-01    1.96886e+00    8.15207e+00
0.200  0.600  -0.400    4.53403e-01    1.36021e+00    4.30639e+00
0.200  0.600  0.000    0.00000e+00    0.00000e+00    3.38842e+00
0.200  0.600  0.400   -4.53403e-01   -1.36021e+00    4.30639e+00
0.200  0.600  0.800   -6.56287e-01   -1.96886e+00    8.15207e+00
0.200  0.600  1.200    7.80523e-01    2.34157e+00    7.94331e+00
0.200  0.600  1.600    6.30526e-01    1.89158e+00    3.59932e+00
0.200  0.600  2.000    3.17484e-01    9.52452e-01    1.87320e+00
0.200  0.800  -2.000   -2.84353e-01   -1.13741e+00    1.49726e+00
0.200  0.800  -1.600   -6.20376e-01   -2.48149e+00    2.77154e+00
0.200  0.800  -1.200   -1.43202e+00   -5.72808e+00    8.40673e+00
0.200  0.800  -0.800    1.31898e+00    5.27592e+00    8.57663e+00
0.200  0.800  -0.400    4.61563e-01    1.84624e+00    3.33548e+00
0.200  0.800  0.000    0.00000e+00    0.00000e+00    2.66154e+00
0.200  0.800  0.400   -4.61563e-01   -1.84624e+00    3.33548e+00
0.200  0.800  0.800   -1.31898e+00   -5.27592e+00    8.57663e+00
0.200  0.800  1.200    1.43202e+00    5.72808e+00    8.40673e+00
0.200  0.800  1.600    6.20376e-01    2.48149e+00    2.77154e+00
0.200  0.800  2.000    2.84353e-01    1.13741e+00    1.49726e+00
0.200  1.000  -2.000   -2.38181e-01   -1.19090e+00    1.07578e+00
0.200  1.000  -1.600   -5.23749e-01   -2.61874e+00    1.60158e+00
0.200  1.000  -1.200   -1.87881e+00   -9.39407e+00    1.96117e+00
0.200  1.000  -0.800    1.77871e+00    8.89353e+00    2.08919e+00
0.200  1.000  -0.400    3.86631e-01    1.93316e+00    2.01120e+00
0.200  1.000  0.000    0.00000e+00    0.00000e+00    1.84791e+00
0.200  1.000  0.400   -3.86631e-01   -1.93316e+00    2.01120e+00
0.200  1.000  0.800   -1.77871e+00   -8.89353e+00    2.08919e+00
0.200  1.000  1.200    1.87881e+00    9.39407e+00    1.96117e+00
0.200  1.000  1.600    5.23749e-01    2.61874e+00    1.60158e+00
0.200  1.000  2.000    2.38181e-01    1.19090e+00    1.07578e+00
0.400  -1.000  -2.000   -4.46266e-01    1.11566e+00    9.55542e-01
0.400  -1.000  -1.600   -9.60459e-01    2.40115e+00    1.26419e+00
0.400  -1.000  -1.200   -3.04769e+00    7.61922e+00   -4.47810e-01
0.400  -1.000  -0.800    2.85539e+00   -7.13847e+00   -3.31889e-01
0.400  -1.000  -0.400    6.99570e-01   -1.74893e+00    1.62964e+00
0.400  -1.000  0.000    0.00000e+00    0.00000e+00    1.61658e+00
0.400  -1.000  0.400   -6.99570e-01    1.74893e+00    1.62964e+00
0.400  -1.000  0.800   -2.85539e+00    7.13847e+00   -3.31889e-01
0.400  -1.000  1.200    3.04769e+00   -7.61922e+00   -4.47810e-01
0.400  -1.000  1.600    9.60459e-01   -2.40115e+00    1.26419e+00
0.400  -1.000  2.000    4.46266e-01   -1.11566e+00    9.55542e-01
0.400  -0.800  -2.000   -5.38094e-01    1.07619e+00    1.34735e+00
0.400  -0.800  -1.600   -1.19338e+00    2.38676e+00    2.37163e+00
0.400  -0.800  -1.200   -3.56678e+00    7.13355e+00    7.37875e+00
0.400  -0.800  -0.800    3.34968e+00   -6.69936e+00    7.53372e+00
0.400  -0.800  -0.400    8.90742e-01   -1.78148e+00    2.88041e+00
0.400  -0.800  0.000    0.00000e+00    0.00000e+00    2.37183e+00
0.400  -0.800  0.400   -8.90742e-01    1.78148e+00    2.88041e+00
0.400  -0.800  0.800   -3.34968e+00    6.69936e+00    7.53372e+00
0.400  -0.800  1.200    3.56678e+00   -7.13355e+00    7.37875e+00
0.400  -0.800  1.600    1.19338e+00   -2.38676e+00    2.37163e+00
0.400  -0.800  2.000    5.38094e-01   -1.07619e+00    1.34735e+00
0.400  -0.600  -2.000   -6.07828e-01    9.11743e-01    1.70869e+00
0.400  -0.600  -1.600   -1.26824e+00    1.90235e+00    3.27284e+00
0.400  -0.600  -1.200   -2.01786e+00    3.02679e+00    8.37951e+00
0.400  -0.600  -0.800    1.77923e+00   -2.66885e+00    8.57092e+00
0.400  -0.600  -0.400    9.29929e-01   -1.39489e+00    3.91613e+00
0.400  -0.600  0.000    0.00000e+00    0.00000e+00    3.07036e+00
0.400  -0.600  0.400   -9.29929e-01    1.39489e+00    3.91613e+00
0.400  -0.600  0.800   -1.77923e+00    2.66885e+00    8.57092e+00
0.400  -0.600  1.200    2.01786e+00   -3.02679e+00    8.37951e+00
0.400  -0.600  1.600    1.26824e+00   -1.90235e+00    3.27284e+00
0.400  -0.600  2.000    6.07828e-01   -9.11743e-01    1.70869e+00
0.400  -0.400  -2.000   -6.51603e-01    6.51603e-01    1.98427e+00
0.400  -0.400  -1.600   -1.24408e+00    1.24408e+00    3.78545e+00
0.400  -0.400  -1.200   -1.33086e+00    1.33086e+00    7.60364e+00
0.400  -0.400  -0.800    1.07561e+00   -1.07562e+00    7.82456e+00
0.400  -0.400  -0.400    8.79059e-01   -8.79059e-01    4.53699e+00
0.400  -0.400  0.000    0.00000e+00    0.00000e+00    3.60304e+00
0.400  -0.400  0.400   -8.79059e-01    8.79059e-01    4.53699e+00
0.400  -0.400  0.800   -1.07561e+00    1.07562e+00    7.82456e+00
0.400  -0.400  1.200    1.33086e+00   -1.33086e+00    7.60364e+00
0.400  -0.400  1.600    1.24408e+00   -1.24408e+00    3.78545e+00
0.400  -0.400  2.000    6.51603e-01   -6.51603e-01    1.98427e+00
0.400  -0.200  -2.000   -6.73845e-01    3.36923e-01    2.15077e+00
0.400  -0.200  -1.600   -1.20333e+00    6.01665e-01    4.01227e+00
0.400  -0.200  -1.200   -1.06943e+00    5.34714e-01    7.10127e+00
0.400  -0.200  -0.800    8.03726e-01   -4.01863e-01    7.34137e+00
0.400  -0.200  -0.400    8.22004e-01   -4.11002e-01    4.83324e+00
0.400  -0.200  0.000    0.00000e+00    0.00000e+00    3.92442e+00
0.400  -0.200  0.400   -8.22004e-01    4.11002e-01    4.83324e+00
0.400  -0.200  0.800   -8.03726e-01    4.01863e-01    7.34137e+00
0.400  -0.200  1.200    1.06943e+00   -5.34714e-01    7.10127e+00
0.400  -0.200  1.600    1.20333e+00   -6.01665e-01    4.01227e+00
0.400  -0.200  2.000    6.73845e-01   -3.36923e-01    2.15077e+00
0.400  0.000  -2.000   -6.80440e-01   -9.11363e-12    2.20577e+00
0.400  0.000  -1.600   -1.18640e+00   -3.58068e-10    4.07370e+00
0.400  0.000  -1.200   -9.99786e-01   -5.69819e-10    6.94277e+00
0.400  0.000  -0.800    7.30516e-01    5.76271e-10    7.18950e+00
0.400  0.000  -0.400    7.99619e-01    3.70764e-10    4.91851e+00
0.400  0.000  0.000    0.00000e+00    0.00000e+00    4.03047e+00
0.400  0.000  0.400   -7.99619e-01   -3.70764e-10    4.91851e+00
0.400  0.000  0.800   -7.30516e-01   -5.76271e-10    7.18950e+00
0.400  0.000  1.200    9.99786e-01    5.69819e-10    6.94277e+00
0.400  0.000  1.600    1.18640e+00    3.58068e-10    4.07370e+00
0.400  0.000  2.000    6.80440e-01    9.11363e-12    2.20577e+00
0.400  0.200  -2.000   -6.73845e-01   -3.36923e-01    2.15077e+00
0.400  0.200  -1.600   -1.20333e+00   -6.01665e-01    4.01227e+00
0.400  0.200  -1.200   -1.06943e+00   -5.34714e-01    7.10127e+00
0.400  0.200  -0.800    8.03726e-01    4.01863e-01    7.34137e+00
0.400  0.200  -0.400    8.22004e-01    4.11002e-01    4.83324e+00
0.400  0.200  0.000    0.00000e+00    0.00000e+00    3.92442e+00
0.400  0.200  0.400   -8.22004e-01   -4.11002e-01    4.83324e+00
0.400  0.200  0.800   -8.03726e-01   -4.01863e-01    7.34137e+00
0.400  0.200  1.200    1.06943e+00    5.34714e-01    7.10127e+00
0.400  0.200  1.600    1.20333e+00    6.01665e-01    4.01227e+00
0.400  0.200  2.000    6.73845e-01    3.36923e-01    2.15077e+00
0.400  0.400  -2.000   -6.51603e-01   -6.51603e-01    1.98427e+00
0.400  0.400  -1.600   -1.24408e+00   -1.24408e+00    3.78545e+00
0.400  0.400  -1.200   -1.33086e+00   -1.33086e+00    7.60364e+00
0.400  0.400  -0.800    1.07561e+00    1.07562e+00    7.82456e+00
0.400  0.400  -0.400    8.79059e-01    8.79059e-01    4.53699e+00
0.400  0.400  0.000    0.00000e+00    0.00000e+00    3.60304e+00
0.400  0.400  0.400   -8.79059e-01   -8.79059e-01    4.53699e+00
0.400  0.400  0.800   -1.07561e+00   -1.07562e+00    7.82456e+00
0.400  0.400  1.200    1.33086e+00    1.33086e+00    7.60364e+00
0.400  0.400  1.600    1.24408e+00    1.24408e+00    3.78545e+00
0.400  0.400  2.000    6.51603e-01    6.51603e-01    1.98427e+00
0.400  0.600  -2.000   -6.07828e-01   -9.11743e-01    1.70869e+00
0.400  0.600  -1.600   -1.26824e+00   -1.90235e+00    3.27284e+00
0.400  0.600  -1.200   -2.01786e+00   -3.02679e+00    8.37951e+00
0.400  0.600  -0.800    1.77923e+00    2.66885e+00    8.57092e+00
0.400  0.600  -0.400    9.29929e-01    1.39489e+00    3.91613e+00
0.400  0.600  0.000    0.00000e+00    0.00000e+00    3.07036e+00
0.400  0.600  0.400   -9.29929e-01   -1.39489e+00    3.91613e+00
0.400  0.600  0.800   -1.77923e+00   -2.66885e+00    8.57092e+00
0.400  0.600  1.200    2.01786e+00    3.02679e+00    8.37951e+00
0.400  0.600  1.600    1.26824e+00    1.90235e+00    3.27284e+00
0.400  0.600  2.000    6.07828e-01    9.11743e-01    1.70869e+00
0.400  0.800  -2.000   -5.38094e-01   -1.07619e+00    1.34735e+00
0.400  0.800  -1.600   -1.19338e+00   -2.38676e+00    2.37163e+00
0.400  0.800  -1.200   -3.56678e+00   -7.13355e+00    7.37875e+00
0.400  0.800  -0.800    3.34968e+00    6.69936e+00    7.53372e+00
0.400  0.800  -0.400    8.90742e-01    1.78148e+00    2.88041e+00
0.400  0.800  0.000    0.00000e+00    0.00000e+00    2.37183e+00
0.400  0.800  0.400   -8.90742e-01   -1.78148e+00    2.88041e+00
0.400  0.800  0.800   -3.34968e+00   -6.69936e+00    7.53372e+00
0.400  0.800  1.200    3.56678e+00    7.13355e+00    7.37875e+00
0.400  0.800  1.600    1.19338e+00    2.38676e+00    2.37163e+00
0.400  0.800  2.000    5.38094e-01    1.07619e+00    1.34735e+00
0.400  1.000  -2.000   -4.46266e-01   -1.11566e+00    9.55542e-01
0.400  1.000  -1.600   -9.60459e-01   -2.40115e+00    1.26419e+00
0.400  1.000  -1.200   -3.04769e+00   -7.61922e+00   -4.47810e-01
0.400  1.000  -0.800    2.85539e+00    7.13847e+00   -3.31889e-01
0.400  1.000  -0.400    6.99570e-01    1.74893e+00    1.62964e+00
0.400  1.000  0.000    0.00000e+00    0.00000e+00    1.61658e+00
0.400  1.000  0.400   -6.99570e-01   -1.74893e+00    1.62964e+00
0.400  1.000  0.800   -2.85539e+00   -7.13847e+00   -3.31889e-01
0.400  1.000  1.200    3.04769e+00    7.61922e+00   -4.47810e-01
0.400  1.000  1.600    9.60459e-01    2.40115e+00    1.26419e+00
0.400  1.000  2.000    4.46266e-01    1.11566e+00    9.55542e-01
0.600  -1.000  -2.000   -5.97775e-01    9.96291e-01    7.78627e-01
0.600  -1.000  -1.600   -1.21966e+00    2.03276e+00    8.00228e-01
0.600  -1.000  -1.200   -2.75686e+00    4.59474e+00   -2.06338e+00
0.600  -1.000  -0.800    2.48708e+00   -4.14512e+00   -1.96575e+00
0.600  -1.000  -0.400    8.59699e-01   -1.43283e+00    1.09960e+00
0.600  -1.000  0.000    0.00000e+00    0.00000e+00    1.27730e+00
0.600  -1.000  0.400   -8.59699e-01    1.43283e+00    1.09960e+00
0.600  -1.000  0.800   -2.48708e+00    4.14512e+00   -1.96575e+00
0.600  -1.000  1.200    2.75686e+00   -4.59474e+00   -2.06338e+00
0.600  -1.000  1.600    1.21966e+00   -2.03276e+00    8.00228e-01
0.600  -1.000  2.000    5.97775e-01   -9.96291e-01    7.78627e-01
0.600  -0.800  -2.000   -7.29844e-01    9.73125e-01    1.11821e+00
0.600  -0.800  -1.600   -1.61273e+00    2.15031e+00    1.72266e+00
0.600  -0.800  -1.200   -5.85642e+00    7.80858e+00    2.96843e+00
0.600  -0.800  -0.800    5.55203e+00   -7.40272e+00    3.10068e+00
0.600  -0.800  -0.400    1.19452e+00   -1.59268e+00    2.14780e+00
0.600  -0.800  0.000    0.00000e+00    0.00000e+00    1.92966e+00
0.600  -0.800  0.400   -1.19452e+00    1.59268e+00    2.14780e+00
0.600  -0.800  0.800   -5.55203e+00    7.40272e+00    3.10068e+00
0.600  -0.800  1.200    5.85642e+00   -7.80858e+00    2.96843e+00
0.600  -0.800  1.600    1.61273e+00   -2.15031e+00    1.72266e+00
0.600  -0.800  2.000    7.29844e-01   -9.73125e-01    1.11821e+00
0.600  -0.600  -2.000   -8.37870e-01    8.37870e-01    1.44636e+00
0.600  -0.600  -1.600   -1.84100e+00    1.84101e+00    2.63917e+00
0.600  -0.600  -1.200   -4.65760e+00    4.65767e+00    8.20009e+00
0.600  -0.600  -0.800    4.32303e+00   -4.32310e+00    8.36490e+00
0.600  -0.600  -0.400    1.37214e+00   -1.37214e+00    3.18430e+00
0.600  -0.600  0.000    0.00000e+00    0.00000e+00    2.56315e+00
0.600  -0.600  0.400   -1.37214e+00    1.37214e+00    3.18430e+00
0.600  -0.600  0.800   -4.32303e+00    4.32310e+00    8.36490e+00
0.600  -0.600  1.200    4.65760e+00   -4.65767e+00    8.20009e+00
0.600  -0.600  1.600    1.84100e+00   -1.84101e+00    2.63917e+00
0.600  -0.600  2.000    8.37870e-01   -8.37870e-01    1.44636e+00
0.600  -0.400  -2.000   -9.11743e-01    6.07828e-01    1.70869e+00
0.600  -0.400  -1.600   -1.90235e+00    1.26824e+00    3.27284e+00
0.600  -0.400  -1.200   -3.02679e+00    2.01785e+00    8.37951e+00
0.600  -0.400  -0.800    2.66885e+00   -1.77922e+00    8.57091e+00
0.600  -0.400  -0.400    1.39489e+00   -9.29928e-01    3.91613e+00
0.600  -0.400  0.000    0.00000e+00    0.00000e+00    3.07036e+00
0.600  -0.400  0.400   -1.39489e+00    9.29928e-01    3.91613e+00
0.600  -0.400  0.800   -2.66885e+00    1.77922e+00    8.57091e+00
0.600  -0.400  1.200    3.02679e+00   -2.01785e+00    8.37951e+00
0.600  -0.400  1.600    1.90235e+00   -1.26824e+00    3.27284e+00
0.600  -0.400  2.000    9.11743e-01   -6.07828e-01    1.70869e+00
0.600  -0.200  -2.000   -9.52452e-01    3.17485e-01    1.87320e+00
0.600  -0.200  -1.600   -1.89158e+00    6.30529e-01    3.59932e+00
0.600  -0.200  -1.200   -2.34157e+00    7.80523e-01    7.94336e+00
0.600  -0.200  -0.800    1.96886e+00   -6.56287e-01    8.15212e+00
0.600  -0.200  -0.400    1.36021e+00   -4.53406e-01    4.30639e+00
0.600  -0.200  0.000    0.00000e+00    0.00000e+00    3.38842e+00
0.600  -0.200  0.400   -1.36021e+00    4.53406e-01    4.30639e+00
0.600  -0.200  0.800   -1.96886e+00    6.56287e-01    8.15212e+00
0.600  -0.200  1.200    2.34157e+00   -7.80523e-01    7.94336e+00
0.600  -0.200  1.600    1.89158e+00   -6.30529e-01    3.59932e+00
0.600  -0.200  2.000    9.52452e-01   -3.17485e-01    1.87320e+00
0.600  0.000  -2.000   -9.65174e-01   -2.45077e-10    1.92867e+00
0.600  0.000  -1.600   -1.88055e+00   -1.06330e-09    3.69577e+00
0.600  0.000  -1.200   -2.15919e+00    6.05762e-09    7.77481e+00
0.600  0.000  -0.800    1.78144e+00   -6.04459e-09    7.98959e+00
0.600  0.000  -0.400    1.34112e+00    1.06216e-09    4.42489e+00
0.600  0.000  0.000    0.00000e+00    0.00000e+00    3.49562e+00
0.600  0.000  0.400   -1.34112e+00   -1.06216e-09    4.42489e+00
0.600  0.000  0.800   -1.78144e+00    6.04459e-09    7.98959e+00
0.600  0.000  1.200    2.15919e+00   -6.05762e-09    7.77481e+00
0.600  0.000  1.600    1.88055e+00    1.06330e-09    3.69577e+00
0.600  0.000  2.000    9.65174e-01    2.45077e-10    1.92867e+00
0.600  0.200  -2.000   -9.52452e-01   -3.17485e-01    1.87320e+00
0.600  0.200  -1.600   -1.89158e+00   -6.30529e-01    3.59932e+00
0.600  0.200  -1.200   -2.34157e+00   -7.80523e-01    7.94336e+00
0.600  0.200  -0.800    1.96886e+00    6.56287e-01    8.15212e+00
0.600  0.200  -0.400    1.36021e+00    4.53406e-01    4.30639e+00
0.600  0.200  0.000    0.00000e+00    0.00000e+00    3.38842e+00
0.600  0.200  0.400   -1.36021e+00   -4.53406e-01    4.30639e+00
0.600  0.200  0.800   -1.96886e+00   -6.56287e-01    8.15212e+00
0.600  0.200  1.200    2.34157e+00    7.80523e-01    7.94336e+00
0.600  0.200  1.600    1.89158e+00    6.30529e-01    3.59932e+00
0.600  0.200  2.000    9.52452e-01    3.17485e-01    1.87320e+00
0.600  0.400  -2.000   -9.11743e-01   -6.07828e-01    1.70869e+00
0.600  0.400  -1.600   -1.90235e+00   -1.26824e+00    3.27284e+00
0.600  0.400  -1.200   -3.02679e+00   -2.01785e+00    8.37951e+00
0.600  0.400  -0.800    2.66885e+00    1.77922e+00    8.57091e+00
0.600  0.400  -0.400    1.39489e+00    9.29928e-01    3.91613e+00
0.600  0.400  0.000    0.00000e+00    0.00000e+00    3.07036e+00
0.600  0.400  0.400   -1.39489e+00   -9.29928e-01    3.91613e+00
0.600  0.400  0.800   -2.66885e+00   -1.77922e+00    8.57091e+00
0.600  0.400  1.200    3.02679e+00    2.01785e+00    8.37951e+00
0.600  0.400  1.600    1.90235e+00    1.26824e+00    3.27284e+00
0.600  0.400  2.000    9.11743e-01    6.07828e-01    1.70869e+00
0.600  0.600  -2.000   -8.37870e-01   -8.37870e-01    1.44636e+00
0.600  0.600  -1.600   -1.84100e+00   -1.84101e+00    2.63917e+00
0.600  0.600  -1.200   -4.65760e+00   -4.65767e+00    8.20009e+00
0.600  0.600  -0.800    4.32303e+00    4.32310e+00    8.36490e+00
0.600  0.600  -0.400    1.37214e+00    1.37214e+00    3.18430e+00
0.600  0.600  0.000    0.00000e+00    0.00000e+00    2.56315e+00
0.600  0.600  0.400   -1.37214e+00   -1.37214e+00    3.18430e+00
0.600  0.600  0.800   -4.32303e+00   -4.32310e+00    8.36490e+00
0.600  0.600  1.200    4.65760e+00    4.65767e+00    8.20009e+00
0.600  0.600  1.600    1.84100e+00    1.84101e+00    2.63917e+00
0.600  0.600  2.000    8.37870e-01    8.37870e-01    1.44636e+00
0.600  0.800  -2.000   -7.29844e-01   -9.73125e-01    1.11821e+00
0.600  0.800  -1.600   -1.61273e+00   -2.15031e+00    1.72266e+00
0.600  0.800  -1.200   -5.85642e+00   -7.80858e+00    2.96843e+00
0.600  0.800  -0.800    5.55203e+00    7.40272e+00    3.10068e+00
0.600  0.800  -0.400    1.19452e+00    1.59268e+00    2.14780e+00
0.600  0.800  0.000    0.00000e+00    0.00000e+00    1.92966e+00
0.600  0.800  0.400   -1.19452e+00   -1.59268e+00    2.14780e+00
0.600  0.800  0.800   -5.55203e+00   -7.40272e+00    3.10068e+00
0.600  0.800  1.200    5.85642e+00    7.80858e+00    2.96843e+00
0.600  0.800  1.600    1.61273e+00    2.15031e+00    1.72266e+00
0.600  0.800  2.000    7.29844e-01    9.73125e-01    1.11821e+00
0.600  1.000  -2.000   -5.97775e-01   -9.96291e-01    7.78627e-01
0.600  1.000  -1.600   -1.21966e+00   -2.03276e+00    8.00228e-01
0.600  1.000  -1.200   -2.75686e+00   -4.59474e+00   -2.06338e+00
0.600  1.000  -0.800    2.48708e+00    4.14512e+00   -1.96575e+00
0.600  1.000  -0.400    8.59699e-01    1.43283e+00    1.09960e+00
0.600  1.000  0.000    0.00000e+00    0.00000e+00    1.27730e+00
0.600  1.000  0.400   -8.59699e-01   -1.43283e+00    1.09960e+00
0.600  1.000  0.800   -2.48708e+00   -4.14512e+00   -1.96575e+00
0.600  1.000  1.200    2.75686e+00    4.59474e+00   -2.06338e+00
0.600  1.000  1.600    1.21966e+00    2.03276e+00    8.00228e-01
0.600  1.000  2.000    5.97775e-01    9.96291e-01    7.78627e-01
0.800  -1.000  -2.000   -6.76634e-01    8.45793e-01    5.77374e-01
0.800  -1.000  -1.600   -1.25584e+00    1.56979e+00    3.52723e-01
0.800  -1.000  -1.200   -1.82803e+00    2.28502e+00   -2.05477e+00
0.800  -1.000  -0.800    1.50020e+00   -1.87525e+00   -1.97913e+00
0.800  -1.000  -0.400    8.28888e-01   -1.03611e+00    5.74118e-01
0.800  -1.000  0.000    0.00000e+00    0.00000e+00    8.93836e-01
0.800  -1.000  0.400   -8.28888e-01    1.03611e+00    5.74118e-01
0.800  -1.000  0.800   -1.50020e+00    1.87525e+00   -1.97913e+00
0.800  -1.000  1.200    1.82803e+00   -2.28502e+00   -2.05477e+00
0.800  -1.000  1.600    1.25584e+00   -1.56979e+00    3.52723e-01
0.800  -1.000  2.000    6.76634e-01   -8.45793e-01    5.77374e-01
0.800  -0.800  -2.000   -8.34390e-01    8.34390e-01    8.45920e-01
0.800  -0.800  -1.600   -1.74285e+00    1.74285e+00    9.70544e-01
0.800  -0.800  -1.200   -4.54214e+00    4.54213e+00   -1.70684e+00
0.800  -0.800  -0.800    4.17269e+00   -4.17268e+00   -1.60216e+00
0.800  -0.800  -0.400    1.24658e+00   -1.24657e+00    1.29525e+00
0.800  -0.800  0.000    0.00000e+00    0.00000e+00    1.40616e+00
0.800  -0.800  0.400   -1.24658e+00    1.24657e+00    1.29525e+00
0.800  -0.800  0.800   -4.17269e+00    4.17268e+00   -1.60216e+00
0.800  -0.800  1.200    4.54214e+00   -4.54213e+00   -1.70684e+00
0.800  -0.800  1.600    1.74285e+00   -1.74285e+00    9.70544e-01
0.800  -0.800  2.000    8.34390e-01   -8.34390e-01    8.45920e-01
0.800  -0.600  -2.000   -9.73125e-01    7.29843e-01    1.11821e+00
0.800  -0.600  -1.600   -2.15031e+00    1.61273e+00    1.72266e+00
0.800  -0.600  -1.200   -7.80859e+00    5.85642e+00    2.96843e+00
0.800  -0.600  -0.800    7.40273e+00   -5.55203e+00    3.10067e+00
0.800  -0.600  -0.400    1.59269e+00   -1.19451e+00    2.14779e+00
0.800  -0.600  0.000    0.00000e+00    0.00000e+00    1.92967e+00
0.800  -0.600  0.400   -1.59269e+00    1.19451e+00    2.14779e+00
0.800  -0.600  0.800   -7.40273e+00    5.55203e+00    3.10067e+00
0.800  -0.600  1.200    7.80859e+00   -5.85642e+00    2.96843e+00
0.800  -0.600  1.600    2.15031e+00   -1.61273e+00    1.72266e+00
0.800  -0.600  2.000    9.73125e-01   -7.29843e-01    1.11821e+00
0.800  -0.400  -2.000   -1.07619e+00    5.38094e-01    1.34735e+00
0.800  -0.400  -1.600   -2.38676e+00    1.19337e+00    2.37163e+00
0.800  -0.400  -1.200   -7.13353e+00    3.56683e+00    7.37877e+00
0.800  -0.400  -0.800    6.69934e+00   -3.34973e+00    7.53374e+00
0.800  -0.400  -0.400    1.78148e+00   -8.90737e-01    2.88042e+00
0.800  -0.400  0.000    0.00000e+00    0.00000e+00    2.37183e+00
0.800  -0.400  0.400   -1.78148e+00    8.90737e-01    2.88042e+00
0.800  -0.400  0.800   -6.69934e+00    3.34973e+00    7.53374e+00
0.800  -0.400  1.200    7.13353e+00   -3.56683e+00    7.37877e+00
0.800  -0.400  1.600    2.38676e+00   -1.19337e+00    2.37163e+00
0.800  -0.400  2.000    1.07619e+00   -5.38094e-01    1.34735e+00
0.800  -0.200  -2.000   -1.13741e+00    2.84353e-01    1.49726e+00
0.800  -0.200  -1.600   -2.48149e+00    6.20374e-01    2.77154e+00
0.800  -0.200  -1.200   -5.72806e+00    1.43200e+00    8.40672e+00
0.800  -0.200  -0.800    5.27590e+00   -1.31896e+00    8.57661e+00
0.800  -0.200  -0.400    1.84624e+00   -4.61561e-01    3.33547e+00
0.800  -0.200  0.000    0.00000e+00    0.00000e+00    2.66155e+00
0.800  -0.200  0.400   -1.84624e+00    4.61561e-01    3.33547e+00
0.800  -0.200  0.800   -5.27590e+00    1.31896e+00    8.57661e+00
0.800  -0.200  1.200    5.72806e+00   -1.43200e+00    8.40672e+00
0.800  -0.200  1.600    2.48149e+00   -6.20374e-01    2.77154e+00
0.800  -0.200  2.000    1.13741e+00   -2.84353e-01    1.49726e+00
0.800  0.000  -2.000   -1.15744e+00   -5.92338e-10    1.54902e+00
0.800  0.000  -1.600   -2.50321e+00    1.63492e-09    2.90189e+00
0.800  0.000  -1.200   -5.26008e+00    3.33475e-08    8.50642e+00
0.800  0.000  -0.800    4.80176e+00   -3.33361e-08    8.68152e+00
0.800  0.000  -0.400    1.85775e+00   -1.69788e-09    3.48505e+00
0.800  0.000  0.000    0.00000e+00    0.00000e+00    2.76161e+00
0.800  0.000  0.400   -1.85775e+00    1.69788e-09    3.48505e+00
0.800  0.000  0.800   -4.80176e+00    3.33361e-08    8.68152e+00
0.800  0.000  1.200    5.26008e+00   -3.33475e-08    8.50642e+00
0.800  0.000  1.600    2.50321e+00   -1.63492e-09    2.90189e+00
0.800  0.000  2.000    1.15744e+00    5.92338e-10    1.54902e+00
0.800  0.200  -2.000   -1.13741e+00   -2.84353e-01    1.49726e+00
0.800  0.200  -1.600   -2.48149e+00   -6.20374e-01    2.77154e+00
0.800  0.200  -1.200   -5.72806e+00   -1.43200e+00    8.40672e+00
0.800  0.200  -0.800    5.27590e+00    1.31896e+00    8.57661e+00
0.800  0.200  -0.400    1.84624e+00    4.61561e-01    3.33547e+00
0.800  0.200  0.000    0.00000e+00    0.00000e+00    2.66155e+00
0.800  0.200  0.400   -1.84624e+00   -4.61561e-01    3.33547e+00
0.800  0.200  0.800   -5.27590e+00   -1.31896e+00    8.57661e+00
0.800  0.200  1.200    5.72806e+00    1.43200e+00    8.40672e+00
0.800  0.200  1.600    2.48149e+00    6.20374e-01    2.77154e+00
0.800  0.200  2.000    1.13741e+00    2.84353e-01    1.49726e+00
0.800  0.400  -2.000   -1.07619e+00   -5.38094e-01    1.34735e+00
0.800  0.400  -1.600   -2.38676e+00   -1.19337e+00    2.37163e+00
0.800  0.400  -1.200   -7.13353e+00   -3.56683e+00    7.37877e+00
0.800  0.400  -0.800    6.69934e+00    3.34973e+00    7.53374e+00
0.800  0.400  -0.400    1.78148e+00    8.90737e-01    2.88042e+00
0.800  0.400  0.000    0.00000e+00    0.00000e+00    2.37183e+00
0.800  0.400  0.400   -1.78148e+00   -8.90737e-01    2.88042e+00
0.800  0.400  0.800   -6.69934e+00   -3.34973e+00    7.53374e+00
0.800  0.400  1.200    7.13353e+00    3.56683e+00    7.37877e+00
0.800  0.400  1.600    2.38676e+00    1.19337e+00    2.37163e+00
0.800  0.400  2.000    1.07619e+00    5.38094e-01    1.34735e+00
0.800  0.600  -2.000   -9.73125e-01   -7.29843e-01    1.11821e+00
0.800  0.600  -1.600   -2.15031e+00   -1.61273e+00    1.72266e+00
0.800  0.600  -1.200   -7.80859e+00   -5.85642e+00    2.96843e+00
0.800  0.600  -0.800    7.40273e+00    5.55203e+00    3.10067e+00
0.800  0.600  -0.400    1.59269e+00    1.19451e+00    2.14779e+00
0.800  0.600  0.000    0.00000e+00    0.00000e+00    1.92967e+00
0.800  0.600  0.400   -1.59269e+00   -1.19451e+00    2.14779e+00
0.800  0.600  0.800   -7.40273e+00   -5.55203e+00    3.10067e+00
0.800  0.600  1.200    7.80859e+00    5.85642e+00    2.96843e+00
0.800  0.600  1.600    2.15031e+00    1.61273e+00    1.72266e+00
0.800  0.600  2.000    9.73125e-01    7.29843e-01    1.11821e+00
0.800  0.800  -2.000   -8.34390e-01   -8.34390e-01    8.45920e-01
0.800  0.800  -1.600   -1.74285e+00   -1.74285e+00    9.70544e-01
0.800  0.800  -1.200   -4.54214e+00   -4.54213e+00   -1.70684e+00
0.800  0.800  -0.800    4.17269e+00    4.17268e+00   -1.60216e+00
0.800  0.800  -0.400    1.24658e+00    1.24657e+00    1.29525e+00
0.800  0.800  0.000    0.00000e+00    0.00000e+00    1.40616e+00
0.800  0.800  0.400   -1.24658e+00   -1.24657e+00    1.29525e+00
0.800  0.800  0.800   -4.17269e+00   -4.17268e+00   -1.60216e+00
0.800  0.800  1.200    4.54214e+00    4.54213e+00   -1.70684e+00
0.800  0.800  1.600    1.74285e+00    1.74285e+00    9.70544e-01
0.800  0.800  2.000    8.34390e-01    8.34390e-01    8.45920e-01
0.800  1.000  -2.000   -6.76634e-01   -8.45793e-01    5.77374e-01
0.800  1.000  -1.600   -1.25584e+00   -1.56979e+00    3.52723e-01
0.800  1.000  -1.200   -1.82803e+00   -2.28502e+00   -2.05477e+00
0.800  1.000  -0.800    1.50020e+00    1.87525e+00   -1.97913e+00
0.800  1.000  -0.400    8.28888e-01    1.03611e+00    5.74118e-01
0.800  1.000  0.000    0.00000e+00    0.00000e+00    8.93836e-01
0.800  1.000  0.400   -8.28888e-01   -1.03611e+00    5.74118e-01
0.800  1.000  0.800   -1.50020e+00   -1.87525e+00   -1.97913e+00
0.800  1.000  1.200    1.82803e+00    2.28502e+00   -2.05477e+00
0.800  1.000  1.600    1.25584e+00    1.56979e+00    3.52723e-01
0.800  1.000  2.000    6.76634e-01    8.45793e-01    5.77374e-01
1.000  -1.000  -2.000   -6.83932e-01    6.83932e-01    3.86237e-01
1.000  -1.000  -1.600   -1.11783e+00    1.11783e+00    3.62175e-02
1.000  -1.000  -1.200   -1.12844e+00    1.12843e+00   -1.51620e+00
1.000  -1.000  -0.800    7.64061e-01   -7.64057e-01   -1.46349e+00
1.000  -1.000  -0.400    6.57900e-01   -6.57899e-01    1.78813e-01
1.000  -1.000  0.000    0.00000e+00    0.00000e+00    5.33956e-01
1.000  -1.000  0.400   -6.57900e-01    6.57899e-01    1.78813e-01
1.000  -1.000  0.800   -7.64061e-01    7.64057e-01   -1.46349e+00
1.000  -1.000  1.200    1.12844e+00   -1.12843e+00   -1.51620e+00
1.000  -1.000  1.600    1.11783e+00   -1.11783e+00    3.62175e-02
1.000  -1.000  2.000    6.83932e-01   -6.83932e-01    3.86237e-01
1.000  -0.800  -2.000   -8.45793e-01    6.76634e-01    5.77375e-01
1.000  -0.800  -1.600   -1.56979e+00    1.25583e+00    3.52723e-01
1.000  -0.800  -1.200   -2.28503e+00    1.82802e+00   -2.05478e+00
1.000  -0.800  -0.800    1.87525e+00   -1.50020e+00   -1.97913e+00
1.000  -0.800  -0.400    1.03611e+00   -8.28886e-01    5.74120e-01
1.000  -0.800  0.000    0.00000e+00    0.00000e+00    8.93837e-01
1.000  -0.800  0.400   -1.03611e+00    8.28886e-01    5.74120e-01
1.000  -0.800  0.800   -1.87525e+00    1.50020e+00   -1.97913e+00
1.000  -0.800  1.200    2.28503e+00   -1.82802e+00   -2.05478e+00
1.000  -0.800  1.600    1.56979e+00   -1.25583e+00    3.52723e-01
1.000  -0.800  2.000    8.45793e-01   -6.76634e-01    5.77375e-01
1.000  -0.600  -2.000   -9.96291e-01    5.97774e-01    7.78627e-01
1.000  -0.600  -1.600   -2.03276e+00    1.21966e+00    8.00227e-01
1.000  -0.600  -1.200   -4.59475e+00    2.75682e+00   -2.06338e+00
1.000  -0.600  -0.800    4.14512e+00   -2.48704e+00   -1.96574e+00
1.000  -0.600  -0.400    1.43283e+00   -8.59700e-01    1.09960e+00
1.000  -0.600  0.000    0.00000e+00    0.00000e+00    1.27730e+00
1.000  -0.600  0.400   -1.43283e+00    8.59700e-01    1.09960e+00
1.000  -0.600  0.800   -4.14512e+00    2.48704e+00   -1.96574e+00
1.000  -0.600  1.200    4.59475e+00   -2.75682e+00   -2.06338e+00
1.000  -0.600  1.600    2.03276e+00   -1.21966e+00    8.00227e-01
1.000  -0.600  2.000    9.96291e-01   -5.97774e-01    7.78627e-01
1.000  -0.400  -2.000   -1.11566e+00    4.46266e-01    9.55542e-01
1.000  -0.400  -1.600   -2.40121e+00    9.60459e-01    1.26419e+00
1.000  -0.400  -1.200   -7.61928e+00    3.04769e+00   -4.47807e-01
1.000  -0.400  -0.800    7.13853e+00   -2.85539e+00   -3.31886e-01
1.000  -0.400  -0.400    1.74898e+00   -6.99570e-01    1.62964e+00
1.000  -0.400  0.000    0.00000e+00    0.00000e+00    1.61658e+00
1.000  -0.400  0.400   -1.74898e+00    6.99570e-01    1.62964e+00
1.000  -0.400  0.800   -7.13853e+00    2.85539e+00   -3.31886e-01
1.000  -0.400  1.200    7.61928e+00   -3.04769e+00   -4.47807e-01
1.000  -0.400  1.600    2.40121e+00   -9.60459e-01    1.26419e+00
1.000  -0.400  2.000    1.11566e+00   -4.46266e-01    9.55542e-01
1.000  -0.200  -2.000   -1.19090e+00    2.38181e-01    1.07578e+00
1.000  -0.200  -1.600   -2.61874e+00    5.23751e-01    1.60158e+00
1.000  -0.200  -1.200   -9.39407e+00    1.87882e+00    1.96117e+00
1.000  -0.200  -0.800    8.89353e+00   -1.77871e+00    2.08919e+00
1.000  -0.200  -0.400    1.93316e+00   -3.86633e-01    2.01120e+00
1.000  -0.200  0.000    0.00000e+00    0.00000e+00    1.84792e+00
1.000  -0.200  0.400   -1.93316e+00    3.86633e-01    2.01120e+00
1.000  -0.200  0.800   -8.89353e+00    1.77871e+00    2.08919e+00
1.000  -0.200  1.200    9.39407e+00   -1.87882e+00    1.96117e+00
1.000  -0.200  1.600    2.61874e+00   -5.23751e-01    1.60158e+00
1.000  -0.200  2.000    1.19090e+00   -2.38181e-01    1.07578e+00
1.000  0.000  -2.000   -1.21641e+00   -7.20714e-10    1.11821e+00
1.000  0.000  -1.600   -2.68789e+00    6.38048e-09    1.72266e+00
1.000  0.000  -1.200   -9.76075e+00   -1.12118e-07    2.96840e+00
1.000  0.000  -0.800    9.25342e+00    1.12115e-07    3.10065e+00
1.000  0.000  -0.400    1.99086e+00   -6.52749e-09    2.14779e+00
1.000  0.000  0.000    0.00000e+00    0.00000e+00    1.92966e+00
1.000  0.000  0.400   -1.99086e+00    6.52749e-09    2.14779e+00
1.000  0.000  0.800   -9.25342e+00   -1.12115e-07    3.10065e+00
1.000  0.000  1.200    9.76075e+00    1.12118e-07    2.96840e+00
1.000  0.000  1.600    2.68789e+00   -6.38048e-09    1.72266e+00
1.000  0.000  2.000    1.21641e+00    7.20714e-10    1.11821e+00
1.000  0.200  -2.000   -1.19090e+00   -2.38181e-01    1.07578e+00
1.000  0.200  -1.600   -2.61874e+00   -5.23751e-01    1.60158e+00
1.000  0.200  -1.200   -9.39407e+00   -1.87882e+00    1.96117e+00
1.000  0.200  -0.800    8.89353e+00    1.77871e+00    2.08919e+00
1.000  0.200  -0.400    1.93316e+00    3.86633e-01    2.01120e+00
1.000  0.200  0.000    0.00000e+00    0.00000e+00    1.84792e+00
1.000  0.200  0.400   -1.93316e+00   -3.86633e-01    2.01120e+00
1.000  0.200  0.800   -8.89353e+00   -1.77871e+00    2.08919e+00
1.000  0.200  1.200    9.39407e+00    1.87882e+00    1.96117e+00
1.000  0.200  1.600    2.61874e+00    5.23751e-01    1.60158e+00
1.000  0.200  2.000    1.19090e+00    2.38181e-01    1.07578e+00
1.000  0.400  -2.000   -1.11566e+00   -4.46266e-01    9.55542e-01
1.000  0.400  -1.600   -2.40121e+00   -9.60459e-01    1.26419e+00
1.000  0.400  -1.200   -7.61928e+00   -3.04769e+00   -4.47807e-01
1.000  0.400  -0.800    7.13853e+00    2.85539e+00   -3.31886e-01
1.000  0.400  -0.400    1.74898e+00    6.99570e-01    1.62964e+00
1.000  0.400  0.000    0.00000e+00    0.00000e+00    1.61658e+00
1.000  0.400  0.400   -1.74898e+00   -6.99570e-01    1.62964e+00
1.000  0.400  0.800   -7.13853e+00   -2.85539e+00   -3.31886e-01
1.000  0.400  1.200    7.61928e+00    3.04769e+00   -4.47807e-01
1.000  0.400  1.600    2.40121e+00    9.60459e-01    1.26419e+00
1.000  0.400  2.000    1.11566e+00    4.46266e-01    9.55542e-01
1.000  0.600  -2.000   -9.96291e-01   -5.97774e-01    7.78627e-01
1.000  0.600  -1.600   -2.03276e+00   -1.21966e+00    8.00227e-01
1.000  0.600  -1.200   -4.59475e+00   -2.75682e+00   -2.06338e+00
1.000  0.600  -0.800    4.14512e+00    2.48704e+00   -1.96574e+00
1.000  0.600  -0.400    1.43283e+00    8.59700e-01    1.09960e+00
1.000  0.600  0.000    0.00000e+00    0.00000e+00    1.27730e+00
1.000  0.600  0.400   -1.43283e+00   -8.59700e-01    1.09960e+00
1.000  0.600  0.800   -4.14512e+00   -2.48704e+00   -1.96574e+00
1.000  0.600  1.200    4.59475e+00    2.75682e+00   -2.06338e+00
1.000  0.600  1.600    2.03276e+00    1.21966e+00    8.00227e-01
1.000  0.600  2.000    9.96291e-01    5.97774e-01    7.78627e-01
1.000  0.800  -2.000   -8.45793e-01   -6.76634e-01    5.77375e-01
1.000  0.800  -1.600   -1.56979e+00   -1.25583e+00    3.52723e-01
1.000  0.800  -1.200   -2.28503e+00   -1.82802e+00   -2.05478e+00
1.000  0.800  -0.800    1.87525e+00    1.50020e+00   -1.97913e+00
1.000  0.800  -0.400    1.03611e+00    8.28886e-01    5.74120e-01
1.000  0.800  0.000    0.00000e+00    0.00000e+00    8.93837e-01
1.000  0.800  0.400   -1.03611e+00   -8.28886e-01    5.74120e-01
1.000  0.800  0.800   -1.87525e+00   -1.50020e+00   -1.97913e+00
1.000  0.800  1.200    2.28503e+00    1.82802e+00   -2.05478e+00
1.000  0.800  1.600    1.56979e+00    1.25583e+00    3.52723e-01
1.000  0.800  2.000    8.45793e-01    6.76634e-01    5.77375e-01
1.000  1.000  -2.000   -6.83932e-01   -6.83932e-01    3.86237e-01
1.000  1.000  -1.600   -1.11783e+00   -1.11783e+00    3.62175e-02
1.000  1.000  -1.200   -1.12844e+00   -1.12843e+00   -1.51620e+00
1.000  1.000  -0.800    7.64061e-01    7.64057e-01   -1.46349e+00
1.000  1.000  -0.400    6.57900e-01    6.57899e-01    1.78813e-01
1.000  1.000  0.000    0.00000e+00    0.00000e+00    5.33956e-01
1.000  1.000  0.400   -6.57900e-01   -6.57899e-01    1.78813e-01
1.000  1.000  0.800   -7.64061e-01   -7.64057e-01   -1.46349e+00
1.000  1.000  1.200    1.12844e+00    1.12843e+00   -1.51620e+00
1.000  1.000  1.600    1.11783e+00    1.11783e+00    3.62175e-02
1.000  1.000  2.000    6.83932e-01    6.83932e-01    3.86237e-01
