  0.00000e+00   0.00000e+00    3.00000e+05    1.50000e+05    0.00000e+00    0.00000e+00    0.00000e+00  
  1.00000e-07  -8.10129e+04    2.88854e+05    1.49999e+05   -4.07619e-03    2.96261e-02    1.50000e-02  
  2.00000e-07  -1.56011e+05    2.56254e+05    1.49978e+05   -1.60014e-02    5.70512e-02    2.99991e-02  
  3.00000e-07  -2.19447e+05    2.04633e+05    1.49889e+05   -3.48912e-02    8.02388e-02    4.49933e-02  
  4.00000e-07  -2.66656e+05    1.37821e+05    1.49659e+05   -5.93470e-02    9.74680e-02    5.99722e-02  
  5.00000e-07  -2.94192e+05    6.07341e+04    1.49198e+05   -8.75629e-02    1.07458e-01    7.49174e-02  
  6.00000e-07  -3.00050e+05   -2.10041e+04    1.48410e+05   -1.17459e-01    1.09458e-01    8.98009e-02  
  7.00000e-07  -2.83779e+05   -1.01469e+05    1.47207e+05   -1.46831e-01    1.03299e-01    1.04585e-01  
  8.00000e-07  -2.46476e+05   -1.74838e+05    1.45523e+05   -1.73509e-01    8.94019e-02    1.19226e-01  
  9.00000e-07  -1.90700e+05   -2.35768e+05    1.43325e+05   -1.95506e-01    6.87482e-02    1.33673e-01  
  1.00000e-06  -1.20304e+05   -2.79729e+05    1.40618e+05   -2.11158e-01    4.28167e-02    1.47874e-01  
  1.10000e-06  -4.02087e+04   -3.03287e+05    1.37456e+05   -2.19241e-01    1.34861e-02    1.61781e-01  
  1.20000e-06   4.38739e+04   -3.04351e+05    1.33937e+05   -2.19066e-01   -1.70867e-02    1.75353e-01  
  1.30000e-06   1.25771e+05   -2.82352e+05    1.30199e+05   -2.10539e-01   -4.66107e-02    1.88561e-01  
  1.40000e-06   1.99226e+05   -2.38373e+05    1.26411e+05   -1.94194e-01   -7.28197e-02    2.01391e-01  
  1.50000e-06   2.58329e+05   -1.75183e+05    1.22754e+05   -1.71174e-01   -9.36403e-02    2.13848e-01  
  1.60000e-06   2.97976e+05   -9.71759e+04    1.19406e+05   -1.43180e-01   -1.07358e-01    2.25952e-01  
  1.70000e-06   3.14340e+05   -1.01618e+04    1.16520e+05   -1.12360e-01   -1.12772e-01    2.37744e-01  
  1.80000e-06   3.05299e+05    7.89821e+04    1.14208e+05   -8.11641e-02   -1.09318e-01    2.49276e-01  
  1.90000e-06   2.70772e+05    1.62816e+05    1.12522e+05   -5.21555e-02   -9.71525e-02    2.60607e-01  
  2.00000e-06   2.12902e+05    2.33964e+05    1.11449e+05   -2.77939e-02   -7.71792e-02    2.71801e-01  
  2.10000e-06   1.36024e+05    2.85805e+05    1.10901e+05   -1.02142e-02   -5.10069e-02    2.82914e-01  
  2.20000e-06   4.64110e+04    3.13162e+05    1.10727e+05   -1.01798e-03   -2.08396e-02    2.93993e-01  
  2.30000e-06  -4.82132e+04    3.12893e+05    1.10713e+05   -1.10177e-03    1.06982e-02    3.05065e-01  
  2.40000e-06  -1.39349e+05    2.84307e+05    1.10608e+05   -1.05450e-02    4.07879e-02    3.16133e-01  
  2.50000e-06  -2.18515e+05    2.29352e+05    1.10137e+05   -2.85710e-02    6.66734e-02    3.27174e-01  
  2.60000e-06  -2.78074e+05    1.52537e+05    1.09030e+05   -5.35906e-02    8.59231e-02    3.38139e-01  
  2.70000e-06  -3.12007e+05    6.05890e+04    1.07050e+05   -8.33259e-02    9.66711e-02    3.48951e-01  
  2.80000e-06  -3.16552e+05   -3.81090e+04    1.04021e+05   -1.15005e-01    9.78126e-02    3.59513e-01  
  2.90000e-06  -2.90651e+05   -1.34269e+05    9.98502e+04   -1.45613e-01    8.91330e-02    3.69716e-01  
  3.00000e-06  -2.36154e+05   -2.18553e+05    9.45537e+04   -1.72174e-01    7.13563e-02    3.79445e-01  
  3.10000e-06  -1.57759e+05   -2.82481e+05    8.82613e+04   -1.92040e-01    4.61050e-02    3.88594e-01  
  3.20000e-06  -6.26756e+04   -3.19293e+05    8.12141e+04   -2.03164e-01    1.57703e-02    3.97072e-01  
  3.30000e-06   3.99674e+04   -3.24706e+05    7.37452e+04   -2.04320e-01   -1.66989e-02    4.04822e-01  
  3.40000e-06   1.39958e+05   -2.97475e+05    6.62459e+04   -1.95257e-01   -4.80738e-02    4.11820e-01  
  3.50000e-06   2.27004e+05   -2.39668e+05    5.91206e+04   -1.76761e-01   -7.51656e-02    4.18083e-01  
  3.60000e-06   2.91812e+05   -1.56617e+05    5.27387e+04   -1.50603e-01   -9.51576e-02    4.23669e-01  
  3.70000e-06   3.27147e+05   -5.64989e+04    4.73893e+04   -1.19389e-01   -1.05914e-01    4.28666e-01  
  3.80000e-06   3.28705e+05    5.04358e+04    4.32460e+04   -8.63085e-02   -1.06226e-01    4.33187e-01  
  3.90000e-06   2.95718e+05    1.52913e+05    4.03477e+04   -5.48093e-02   -9.59743e-02    4.37357e-01  
  4.00000e-06   2.31161e+05    2.39859e+05    3.85961e+04   -2.82274e-02   -7.61641e-02    4.41295e-01  
  4.10000e-06   1.41542e+05    3.01653e+05    3.77682e+04   -9.42133e-03   -4.88469e-02    4.45107e-01  
  4.20000e-06   3.62618e+04    3.31254e+05    3.75410e+04   -4.47487e-04   -1.69152e-02    4.48869e-01  
  4.30000e-06  -7.33757e+04    3.25052e+05    3.75248e+04   -2.31752e-03    1.62001e-02    4.52622e-01  
  4.40000e-06  -1.75403e+05    2.83357e+05    3.73010e+04   -1.48687e-02    4.69011e-02    4.56367e-01  
  4.50000e-06  -2.58527e+05    2.10430e+05    3.64629e+04   -3.67641e-02    7.18201e-02    4.60061e-01  
  4.60000e-06  -3.13419e+05    1.14072e+05    3.46567e+04   -6.56259e-02    8.81975e-02    4.63626e-01  
  4.70000e-06  -3.33796e+05    4.79640e+03    3.16214e+04   -9.82876e-02    9.41981e-02    4.66951e-01  
  4.80000e-06  -3.17185e+05   -1.05323e+05    2.72225e+04   -1.31141e-01    8.91264e-02    4.69905e-01  
  4.90000e-06  -2.65254e+05   -2.04003e+05    2.14751e+04   -1.60536e-01    7.35164e-02    4.72350e-01  
  5.00000e-06  -1.83673e+05   -2.80158e+05    1.45515e+04   -1.83193e-01    4.90820e-02    4.74160e-01  
  5.10000e-06  -8.15052e+04   -3.25184e+05    6.76776e+03   -1.96576e-01    1.85309e-02    4.75231e-01  
  5.20000e-06   2.98120e+04   -3.33977e+05   -1.45145e+03   -1.99185e-01   -1.47365e-02    4.75498e-01  
  5.30000e-06   1.37781e+05   -3.05537e+05   -9.62503e+03   -1.90725e-01   -4.70118e-02    4.74942e-01  
  5.40000e-06   2.30291e+05   -2.43094e+05   -1.72779e+04   -1.72147e-01   -7.46993e-02    4.73591e-01  
  5.50000e-06   2.97019e+05   -1.53717e+05   -2.40024e+04   -1.45533e-01   -9.47233e-02    4.71518e-01  
  5.60000e-06   3.30602e+05   -4.74798e+04   -2.95076e+04   -1.13857e-01   -1.04874e-01    4.68831e-01  
  5.70000e-06   3.27457e+05    6.37195e+04   -3.36503e+04   -8.06473e-02   -1.04051e-01    4.65662e-01  
  5.80000e-06   2.88138e+05    1.67533e+05   -3.64444e+04   -4.95828e-02   -9.23768e-02    4.62146e-01  
  5.90000e-06   2.17218e+05    2.52557e+05   -3.80498e+04   -2.40835e-02   -7.11746e-02    4.58413e-01  
  6.00000e-06   1.22723e+05    3.09601e+05   -3.87470e+04   -6.93333e-03   -4.28054e-02    4.54567e-01  
  6.10000e-06   1.51779e+04    3.32670e+05   -3.89015e+04    2.06764e-05   -1.03966e-02    4.50681e-01  
  6.20000e-06  -9.35996e+04    3.19585e+05   -3.89242e+04   -3.94074e-03    2.25126e-02    4.46791e-01  
  6.30000e-06  -1.91834e+05    2.72157e+05   -3.92300e+04   -1.83461e-02    5.23650e-02    4.42887e-01  
  6.40000e-06  -2.69096e+05    1.95904e+05   -4.01976e+04   -4.16035e-02    7.59739e-02    4.38922e-01  
  6.50000e-06  -3.17422e+05    9.93656e+04   -4.21323e+04   -7.11931e-02    9.08626e-02    4.34815e-01  
  6.60000e-06  -3.32129e+05   -6.91316e+03   -4.52351e+04   -1.03958e-01    9.55183e-02    4.30456e-01  
  6.70000e-06  -3.12236e+05   -1.11592e+05   -4.95795e+04   -1.36456e-01    8.95326e-02    4.25726e-01  
  6.80000e-06  -2.60446e+05   -2.03794e+05   -5.51018e+04   -1.65332e-01    7.36182e-02    4.20501e-01  
  6.90000e-06  -1.82726e+05   -2.74253e+05   -6.16070e+04   -1.87672e-01    4.95038e-02    4.14672e-01  
  7.00000e-06  -8.75382e+04   -3.16232e+05   -6.87911e+04   -2.01289e-01    1.97244e-02    4.08156e-01  
  7.10000e-06   1.51505e+04   -3.26111e+05   -7.62778e+04   -2.04927e-01   -1.26638e-02    4.00903e-01  
  7.20000e-06   1.14954e+05   -3.03613e+05   -8.36644e+04   -1.98355e-01   -4.44096e-02    3.92904e-01  
  7.30000e-06   2.02127e+05   -2.51665e+05   -9.05701e+04   -1.82360e-01   -7.23965e-02    3.84186e-01  
  7.40000e-06   2.68483e+05   -1.75962e+05   -9.66785e+04   -1.58629e-01   -9.39439e-02    3.74816e-01  
  7.50000e-06   3.08109e+05   -8.42825e+04   -1.01768e+05   -1.29561e-01   -1.07051e-01    3.64885e-01  
  7.60000e-06   3.17814e+05    1.43315e+04   -1.05730e+05   -9.80121e-02   -1.10567e-01    3.54500e-01  
  7.70000e-06   2.97318e+05    1.10474e+05   -1.08567e+05   -6.70126e-02   -1.04267e-01    3.43777e-01  
  7.80000e-06   2.49156e+05    1.95254e+05   -1.10386e+05   -3.94781e-02   -8.88528e-02    3.32821e-01  
  7.90000e-06   1.78349e+05    2.61103e+05   -1.11372e+05   -1.79425e-02   -6.58517e-02    3.21727e-01  
  8.00000e-06   9.18494e+04    3.02420e+05   -1.11768e+05   -4.33596e-03   -3.74557e-02    3.10566e-01  
  8.10000e-06  -2.17260e+03    3.16025e+05   -1.11841e+05    1.74064e-04   -6.29825e-03    2.99384e-01  
  8.20000e-06  -9.51320e+04    3.01366e+05   -1.11861e+05   -4.73541e-03    2.48001e-02    2.88200e-01  
  8.30000e-06  -1.78847e+05    2.60456e+05   -1.12072e+05   -1.85424e-02    5.30932e-02    2.77006e-01  
  8.40000e-06  -2.46278e+05    1.97572e+05   -1.12672e+05   -3.99585e-02    7.61532e-02    2.65772e-01  
  8.50000e-06  -2.92115e+05    1.18740e+05   -1.13803e+05   -6.70734e-02    9.20719e-02    2.54453e-01  
  8.60000e-06  -3.13154e+05    3.10836e+04   -1.15539e+05   -9.75492e-02    9.96047e-02    2.42991e-01  
  8.70000e-06  -3.08438e+05   -5.78808e+04   -1.17881e+05   -1.28840e-01    9.82445e-02    2.31325e-01  
  8.80000e-06  -2.79174e+05   -1.40914e+05   -1.20769e+05   -1.58413e-01    8.82273e-02    2.19397e-01  
  8.90000e-06  -2.28460e+05   -2.11631e+05   -1.24086e+05   -1.83955e-01    7.04747e-02    2.07157e-01  
  9.00000e-06  -1.60894e+05   -2.64935e+05   -1.27677e+05   -2.03540e-01    4.64850e-02    1.94570e-01  
  9.10000e-06  -8.20983e+04   -2.97290e+05   -1.31365e+05   -2.15757e-01    1.81901e-02    1.81618e-01  
  9.20000e-06   1.75186e+03   -3.06849e+05   -1.34975e+05   -2.19790e-01   -1.22086e-02    1.68300e-01  
  9.30000e-06   8.43870e+04   -2.93456e+05   -1.38345e+05   -2.15447e-01   -4.24101e-02    1.54631e-01  
  9.40000e-06   1.59847e+05   -2.58547e+05   -1.41348e+05   -2.03152e-01   -7.01784e-02    1.40643e-01  
  9.50000e-06   2.22832e+05   -2.04981e+05   -1.43893e+05   -1.83895e-01   -9.34938e-02    1.26377e-01  
  9.60000e-06   2.68996e+05   -1.36818e+05   -1.45938e+05   -1.59150e-01   -1.10685e-01    1.11881e-01  
  9.70000e-06   2.95190e+05   -5.90510e+04   -1.47484e+05   -1.30766e-01   -1.20535e-01    9.72059e-02  
  9.80000e-06   2.99644e+05    2.27037e+04   -1.48570e+05   -1.00841e-01   -1.22361e-01    8.23996e-02  
  9.90000e-06   2.82092e+05    1.02558e+05   -1.49267e+05   -7.15747e-02   -1.16057e-01    6.75049e-02  
  1.00000e-05   2.43810e+05    1.74733e+05   -1.49662e+05   -4.51175e-02   -1.02106e-01    5.25563e-02  
  1.01000e-05   1.87567e+05    2.33960e+05   -1.49850e+05   -2.34153e-02   -8.15443e-02    3.75794e-02  
  1.02000e-05   1.17456e+05    2.75866e+05   -1.49916e+05   -8.06969e-03   -5.58944e-02    2.25904e-02  
  1.03000e-05   3.86263e+04    2.97324e+05   -1.49929e+05   -2.17159e-04   -2.70565e-02    7.59789e-03  
  1.04000e-05  -4.30924e+04    2.96709e+05   -1.49929e+05   -4.41970e-04    2.83026e-03   -7.39503e-03  
  1.05000e-05  -1.21632e+05    2.74042e+05   -1.49926e+05   -8.72964e-03    3.15457e-02   -2.23879e-02  
  1.06000e-05  -1.91158e+05    2.30999e+05   -1.49896e+05   -2.44667e-02    5.69551e-02   -3.73794e-02  
  1.07000e-05  -2.46520e+05    1.70773e+05   -1.49783e+05   -4.64867e-02    7.71689e-02   -5.23643e-02  
  1.08000e-05  -2.83635e+05    9.78170e+04   -1.49509e+05   -7.31591e-02    9.06823e-02   -6.73306e-02  
  1.09000e-05  -2.99781e+05    1.74917e+04   -1.48979e+05   -1.02511e-01    9.64846e-02   -8.22575e-02  
  1.10000e-05  -2.93763e+05   -6.43385e+04   -1.48097e+05   -1.32372e-01    9.41297e-02   -9.71146e-02  
  1.11000e-05  -2.65967e+05   -1.41725e+05   -1.46778e+05   -1.60533e-01    8.37654e-02   -1.11862e-01  
  1.12000e-05  -2.18311e+05   -2.09033e+05   -1.44959e+05   -1.84899e-01    6.61221e-02   -1.26453e-01  
  1.13000e-05  -1.54101e+05   -2.61309e+05   -1.42611e+05   -2.03640e-01    4.24622e-02   -1.40836e-01  
  1.14000e-05  -7.78224e+04   -2.94585e+05   -1.39750e+05   -2.15314e-01    1.44969e-02   -1.54958e-01  
  1.15000e-05   5.12060e+03   -3.06145e+05   -1.36437e+05   -2.18980e-01   -1.57269e-02   -1.68771e-01  
  1.16000e-05   8.87204e+04   -2.94726e+05   -1.32781e+05   -2.14267e-01   -4.59617e-02   -1.82234e-01  
  1.17000e-05   1.66723e+05   -2.60663e+05   -1.28929e+05   -2.01423e-01   -7.39125e-02   -1.95321e-01  
  1.18000e-05   2.33030e+05   -2.05965e+05   -1.25056e+05   -1.81314e-01   -9.74018e-02   -2.08019e-01  
  1.19000e-05   2.82142e+05   -1.34289e+05   -1.21349e+05   -1.55393e-01   -1.14535e-01   -2.20337e-01  
  1.20000e-05   3.09613e+05   -5.08047e+04   -1.17986e+05   -1.25611e-01   -1.23862e-01   -2.32301e-01  
  1.21000e-05   3.12504e+05    3.80856e+04   -1.15118e+05   -9.42943e-02   -1.24514e-01   -2.43951e-01  
  1.22000e-05   2.89755e+05    1.25171e+05   -1.12850e+05   -6.39706e-02   -1.16304e-01   -2.55344e-01  
  1.23000e-05   2.42448e+05    2.02998e+05   -1.11224e+05   -3.71681e-02   -9.97888e-02   -2.66543e-01  
  1.24000e-05   1.73886e+05    2.64528e+05   -1.10215e+05   -1.61955e-02   -7.62508e-02   -2.77610e-01  
  1.25000e-05   8.94545e+04    3.03836e+05   -1.09725e+05   -2.92488e-03   -4.76284e-02   -2.88603e-01  
  1.26000e-05  -3.75520e+03    3.16755e+05   -1.09586e+05    1.39930e-03   -1.63692e-02   -2.99567e-01  
  1.27000e-05  -9.75301e+04    3.01390e+05   -1.09577e+05   -3.69639e-03    1.47728e-02   -3.10525e-01  
  1.28000e-05  -1.83281e+05    2.58430e+05   -1.09437e+05   -1.78387e-02    4.29817e-02   -3.21478e-01  
  1.29000e-05  -2.52868e+05    1.91193e+05   -1.08887e+05   -3.98110e-02    6.56426e-02   -3.32398e-01  
  1.30000e-05  -2.99414e+05    1.05419e+05   -1.07657e+05   -6.76394e-02    8.05964e-02   -3.43232e-01  
  1.31000e-05  -3.18024e+05    8.80070e+03   -1.05516e+05   -9.87560e-02    8.63607e-02   -3.53899e-01  
  1.32000e-05  -3.06333e+05   -8.96920e+04   -1.02298e+05   -1.30226e-01    8.22920e-02   -3.64299e-01  
  1.33000e-05  -2.64822e+05   -1.80630e+05   -9.79264e+04   -1.59020e-01    6.86745e-02   -3.74320e-01  
  1.34000e-05  -1.96890e+05   -2.55022e+05   -9.24363e+04   -1.82302e-01    4.67204e-02   -3.83846e-01  
  1.35000e-05  -1.08635e+05   -3.05207e+05   -8.59778e+04   -1.97714e-01    1.84823e-02   -3.92774e-01  
  1.36000e-05  -8.37632e+03   -3.25671e+05   -7.88114e+04   -2.03624e-01   -1.33229e-02   -4.01018e-01  
  1.37000e-05   9.40729e+04   -3.13704e+05   -7.12854e+04   -1.99314e-01   -4.55623e-02   -4.08524e-01  
  1.38000e-05   1.88340e+05   -2.69810e+05   -6.37991e+04   -1.85083e-01   -7.49903e-02   -4.15276e-01  
  1.39000e-05   2.64545e+05   -1.97819e+05   -5.67571e+04   -1.62252e-01   -9.85789e-02   -4.21299e-01  
  1.40000e-05   3.14380e+05   -1.04639e+05   -5.05197e+04   -1.33059e-01   -1.13840e-01   -4.26654e-01  
  1.41000e-05   3.32079e+05    3.54362e+02   -4.53591e+04   -1.00455e-01   -1.19108e-01   -4.31439e-01  
  1.42000e-05   3.15167e+05    1.06237e+05   -4.14267e+04   -6.78068e-02   -1.13738e-01   -4.35767e-01  
  1.43000e-05   2.64855e+05    2.01697e+05   -3.87367e+04   -3.85455e-02   -9.82088e-02   -4.39766e-01  
  1.44000e-05   1.86041e+05    2.76290e+05   -3.71663e+04   -1.57954e-02   -7.40982e-02   -4.43552e-01  
  1.45000e-05   8.68610e+04    3.21639e+05   -3.64716e+04   -2.02380e-03   -4.39331e-02   -4.47228e-01  
  1.46000e-05  -2.21410e+04    3.32439e+05   -3.63138e+04    1.24453e-03   -1.09318e-02   -4.50864e-01  
  1.47000e-05  -1.29152e+05    3.07124e+05   -3.62938e+04   -6.38706e-03    2.13399e-02   -4.54495e-01  
  1.48000e-05  -2.22401e+05    2.48119e+05   -3.59911e+04   -2.41249e-02    4.93591e-02   -4.58114e-01  
  1.49000e-05  -2.91489e+05    1.61637e+05   -3.50047e+04   -5.00561e-02    7.00382e-02   -4.61670e-01  
  1.50000e-05  -3.28594e+05    5.70395e+04   -3.29946e+04   -8.13480e-02    8.10754e-02   -4.65080e-01  
  1.51000e-05  -3.29386e+05   -5.41813e+04   -2.97202e+04   -1.14554e-01    8.12213e-02   -4.68227e-01  
  1.52000e-05  -2.93576e+05   -1.59674e+05   -2.50731e+04   -1.45994e-01    7.04298e-02   -4.70978e-01  
  1.53000e-05  -2.25002e+05   -2.47626e+05   -1.90977e+04   -1.72166e-01    4.98748e-02   -4.73196e-01  
  1.54000e-05  -1.31231e+05   -3.08126e+05   -1.19944e+04   -1.90145e-01    2.18267e-02   -4.74759e-01  
  1.55000e-05  -2.27284e+04   -3.34322e+05   -4.10271e+03   -1.97915e-01   -1.05972e-02   -4.75568e-01  
  1.56000e-05   8.83342e+04   -3.23238e+05    4.13786e+03   -1.94603e-01   -4.37837e-02   -4.75567e-01  
  1.57000e-05   1.89484e+05   -2.76128e+05    1.22427e+04   -1.80580e-01   -7.40324e-02   -4.74745e-01  
  1.58000e-05   2.69393e+05   -1.98333e+05    1.97450e+04   -1.57419e-01   -9.79760e-02   -4.73139e-01  
  1.59000e-05   3.19180e+05   -9.86473e+04    2.62559e+04   -1.27713e-01   -1.12961e-01   -4.70829e-01  
  1.60000e-05   3.33412e+05    1.17224e+04    3.15105e+04   -9.47784e-02   -1.17344e-01   -4.67930e-01  
  1.61000e-05   3.10691e+05    1.20458e+05    3.53948e+04   -6.22740e-02   -1.10670e-01   -4.64573e-01  
  1.62000e-05   2.53755e+05    2.15542e+05    3.79510e+04   -3.37917e-02   -9.37104e-02   -4.60895e-01  
  1.63000e-05   1.69113e+05    2.86600e+05    3.93631e+04   -1.24560e-02   -6.83684e-02   -4.57021e-01  
  1.64000e-05   6.62627e+04    3.26038e+05    3.99297e+04   -5.82930e-04   -3.74531e-02   -4.53051e-01  
  1.65000e-05  -4.34173e+04    3.29844e+05    4.00268e+04    5.65315e-04   -4.35891e-03   -4.49051e-01  
  1.66000e-05  -1.47962e+05    2.97967e+05    4.00680e+04   -9.09516e-03    2.73154e-02   -4.45047e-01  
  1.67000e-05  -2.36153e+05    2.34253e+05    4.04630e+04   -2.84784e-02    5.41631e-02   -4.41025e-01  
  1.68000e-05  -2.98748e+05    1.45942e+05    4.15786e+04   -5.54660e-02    7.33378e-02   -4.36930e-01  
  1.69000e-05  -3.29448e+05    4.27890e+04    4.37020e+04   -8.71561e-02    8.28513e-02   -4.32675e-01  
  1.70000e-05  -3.25515e+05   -6.40714e+04    4.70114e+04   -1.20191e-01    8.17697e-02   -4.28150e-01  
  1.71000e-05  -2.87963e+05   -1.63379e+05    5.15554e+04   -1.51129e-01    7.02898e-02   -4.23232e-01  
  1.72000e-05  -2.21323e+05   -2.44971e+05    5.72461e+04   -1.76805e-01    4.96886e-02   -4.17800e-01  
  1.73000e-05  -1.33022e+05   -3.00827e+05    6.38679e+04   -1.94664e-01    2.21600e-02   -4.11751e-01  
  1.74000e-05  -3.24784e+04   -3.25820e+05    7.11026e+04   -2.02997e-01   -9.43978e-03   -4.05006e-01  
  1.75000e-05   6.99586e+04   -3.18120e+05    7.85678e+04   -2.01095e-01   -4.19053e-02   -3.97522e-01  
  1.76000e-05   1.64106e+05   -2.79219e+05    8.58643e+04   -1.89283e-01   -7.20151e-02   -3.89298e-01  
  1.77000e-05   2.40945e+05   -2.13616e+05    9.26221e+04   -1.68855e-01   -9.68513e-02   -3.80367e-01  
  1.78000e-05   2.93442e+05   -1.28239e+05    9.85417e+04   -1.41912e-01   -1.14073e-01   -3.70801e-01  
  1.79000e-05   3.17118e+05   -3.16671e+04    1.03422e+05   -1.11134e-01   -1.22122e-01   -3.60694e-01  
  1.80000e-05   3.10356e+05    6.67447e+04    1.07174e+05   -7.95105e-02   -1.20344e-01   -3.50155e-01  
  1.81000e-05   2.74428e+05    1.57764e+05    1.09820e+05   -5.00432e-02   -1.09021e-01   -3.39296e-01  
  1.82000e-05   2.13270e+05    2.33126e+05    1.11479e+05   -2.54727e-02   -8.93164e-02   -3.28224e-01  
  1.83000e-05   1.33023e+05    2.86255e+05    1.12348e+05   -8.03083e-03   -6.31418e-02   -3.17027e-01  
  1.84000e-05   4.13871e+04    3.12810e+05    1.12671e+05    7.48727e-04   -3.29577e-02   -3.05772e-01  
  1.85000e-05  -5.31397e+04    3.11011e+05    1.12718e+05    1.48838e-04   -1.53199e-03   -2.94502e-01  
  1.86000e-05  -1.42083e+05    2.81702e+05    1.12749e+05   -9.69230e-03    2.83206e-02   -2.83229e-01  
  1.87000e-05  -2.17776e+05    2.28165e+05    1.13001e+05   -2.78233e-02    5.39947e-02   -2.71944e-01  
  1.88000e-05  -2.74031e+05    1.55700e+05    1.13663e+05   -5.25953e-02    7.33179e-02   -2.60615e-01  
  1.89000e-05  -3.06619e+05    7.10310e+04    1.14861e+05   -8.18352e-02    8.47246e-02   -2.49194e-01  
  1.90000e-05  -3.13538e+05   -1.83859e+04    1.16656e+05   -1.13058e-01    8.73644e-02   -2.37623e-01  
  1.91000e-05  -2.95030e+05   -1.05066e+05    1.19041e+05   -1.43690e-01    8.11390e-02   -2.25843e-01  
  1.92000e-05  -2.53393e+05   -1.82135e+05    1.21945e+05   -1.71287e-01    6.66734e-02   -2.13797e-01  
  1.93000e-05  -1.92634e+05   -2.43837e+05    1.25246e+05   -1.93726e-01    4.52274e-02   -2.01440e-01  
  1.94000e-05  -1.18015e+05   -2.85897e+05    1.28786e+05   -2.09349e-01    1.85646e-02   -1.88740e-01  
  1.95000e-05  -3.55619e+04   -3.05709e+05    1.32392e+05   -2.17067e-01   -1.12060e-02   -1.75681e-01  
  1.96000e-05   4.84140e+04   -3.02390e+05    1.35891e+05   -2.16410e-01   -4.18015e-02   -1.62265e-01  
  1.97000e-05   1.27754e+05   -2.76714e+05    1.39131e+05   -2.07539e-01   -7.09343e-02   -1.48511e-01  
  1.98000e-05   1.96829e+05   -2.30967e+05    1.41990e+05   -1.91203e-01   -9.64713e-02   -1.34451e-01  
  1.99000e-05   2.50860e+05   -1.68727e+05    1.44391e+05   -1.68677e-01   -1.16574e-01   -1.20128e-01  
  2.00000e-05   2.86169e+05   -9.46175e+04    1.46298e+05   -1.41659e-01   -1.29818e-01   -1.05590e-01  
  2.01000e-05   3.00384e+05   -1.40066e+04    1.47719e+05   -1.12150e-01   -1.35280e-01   -9.08851e-02  
  2.02000e-05   2.92581e+05    6.73185e+04    1.48700e+05   -8.23201e-02   -1.32595e-01   -7.60608e-02  
  2.03000e-05   2.63354e+05    1.43515e+05    1.49314e+05   -5.43527e-02   -1.21987e-01   -6.11574e-02  
  2.04000e-05   2.14806e+05    2.09067e+05    1.49651e+05   -3.02975e-02   -1.04249e-01   -4.62072e-02  
  2.05000e-05   1.50439e+05    2.59177e+05    1.49803e+05   -1.19225e-02   -8.06912e-02   -3.12333e-02  
  2.06000e-05   7.49393e+04    2.90127e+05    1.49850e+05   -5.83646e-04   -5.30554e-02   -1.62501e-02  
  2.07000e-05  -6.14604e+03    2.99582e+05    1.49857e+05    2.87744e-03   -2.33864e-02   -1.26452e-03  
  2.08000e-05  -8.68153e+04    2.86792e+05    1.49857e+05   -1.79955e-03    6.11504e-03    1.37212e-02  
  2.09000e-05  -1.61072e+05    2.52673e+05    1.49852e+05   -1.42712e-02    3.32565e-02    2.87068e-02  
  2.10000e-05  -2.23391e+05    1.99740e+05    1.49811e+05   -3.36141e-02    5.60183e-02    4.36904e-02  
  2.11000e-05  -2.69147e+05    1.31911e+05    1.49671e+05   -5.83944e-02    7.27045e-02    5.86657e-02  
  2.12000e-05  -2.94956e+05    5.41941e+04    1.49351e+05   -8.67749e-02    8.20684e-02    7.36187e-02  
  2.13000e-05  -2.98909e+05   -2.77010e+04    1.48752e+05   -1.16653e-01    8.34026e-02    8.85265e-02  
  2.14000e-05  -2.80685e+05   -1.07788e+05    1.47779e+05   -1.45813e-01    7.65882e-02    1.03357e-01  
  2.15000e-05  -2.41542e+05   -1.80223e+05    1.46347e+05   -1.72088e-01    6.21011e-02    1.18067e-01  
  2.16000e-05  -1.84212e+05   -2.39697e+05    1.44398e+05   -1.93511e-01    4.09777e-02    1.32609e-01  
  2.17000e-05  -1.12712e+05   -2.81773e+05    1.41912e+05   -2.08455e-01    1.47445e-02    1.46929e-01  
  2.18000e-05  -3.20922e+04   -3.03170e+05    1.38912e+05   -2.15747e-01   -1.46839e-02    1.60974e-01  
  2.19000e-05   5.18623e+04   -3.01987e+05    1.35469e+05   -2.14761e-01   -4.51325e-02    1.74696e-01  
  2.20000e-05   1.32974e+05   -2.77867e+05    1.31701e+05   -2.05469e-01   -7.43121e-02    1.88057e-01  
  2.21000e-05   2.05053e+05   -2.32092e+05    1.27762e+05   -1.88468e-01   -9.99794e-02    2.01030e-01  
  2.22000e-05   2.62321e+05   -1.67596e+05    1.23835e+05   -1.64954e-01   -1.20102e-01    2.13609e-01  
  2.23000e-05   2.99849e+05   -8.88815e+04    1.20108e+05   -1.36665e-01   -1.33021e-01    2.25804e-01  
  2.24000e-05   3.14003e+05   -1.80486e+03    1.16760e+05   -1.05768e-01   -1.37597e-01    2.37644e-01  
  2.25000e-05   3.02856e+05    8.67758e+04    1.13936e+05   -7.47134e-02   -1.33330e-01    2.49174e-01  
  2.26000e-05   2.66496e+05    1.69493e+05    1.11734e+05   -4.60436e-02   -1.20437e-01    2.60452e-01  
  2.27000e-05   2.07198e+05    2.39081e+05    1.10187e+05   -2.21848e-02   -9.98707e-02    2.71542e-01  
  2.28000e-05   1.29393e+05    2.89053e+05    1.09255e+05   -5.22634e-03   -7.32781e-02    2.82510e-01  
  2.29000e-05   3.94129e+04    3.14377e+05    1.08827e+05    3.28372e-03   -4.28870e-02    2.93410e-01  
  2.30000e-05  -5.49969e+04    3.12062e+05    1.08724e+05    2.50603e-03   -1.13305e-02    3.04286e-01  
  2.31000e-05  -1.45348e+05    2.81571e+05    1.08714e+05   -7.58084e-03    1.85790e-02    3.15158e-01  
  2.32000e-05  -2.23205e+05    2.25004e+05    1.08529e+05   -2.61453e-02    4.41073e-02    3.26023e-01  
  2.33000e-05  -2.81021e+05    1.47011e+05    1.07888e+05   -5.15498e-02    6.28593e-02    3.36849e-01  
  2.34000e-05  -3.12910e+05    5.44430e+04    1.06522e+05   -8.14793e-02    7.30187e-02    3.47576e-01  
  2.35000e-05  -3.15287e+05   -4.42371e+04    1.04209e+05   -1.13141e-01    7.35410e-02    3.58121e-01  
  2.36000e-05  -2.87300e+05   -1.39715e+05    1.00793e+05   -1.43517e-01    6.42773e-02    3.68381e-01  
  2.37000e-05  -2.31014e+05   -2.22698e+05    9.62171e+04   -1.69649e-01    4.60163e-02    3.78241e-01  
  2.38000e-05  -1.51321e+05   -2.84821e+05    9.05354e+04   -1.88932e-01    2.04373e-02    3.87587e-01  
  2.39000e-05  -5.55835e+04   -3.19506e+05    8.39193e+04   -1.99373e-01   -1.00269e-02    3.96316e-01  
  2.40000e-05   4.69909e+04   -3.22694e+05    7.66480e+04   -1.99817e-01   -4.24060e-02    4.04348e-01  
  2.41000e-05   1.46190e+05   -2.93375e+05    6.90837e+04   -1.90086e-01   -7.34731e-02    4.11636e-01  
  2.42000e-05   2.31799e+05   -2.33842e+05    6.16321e+04   -1.71034e-01   -1.00065e-01    4.18169e-01  
  2.43000e-05   2.94677e+05   -1.49610e+05    5.46952e+04   -1.44489e-01   -1.19410e-01    4.23979e-01  
  2.44000e-05   3.27787e+05   -4.89817e+04    4.86220e+04   -1.13098e-01   -1.29434e-01    4.29137e-01  
  2.45000e-05   3.27056e+05    5.77370e+04    4.36658e+04   -8.00692e-02   -1.29000e-01    4.33741e-01  
  2.46000e-05   2.91949e+05    1.59289e+05    3.99543e+04   -4.88433e-02   -1.18058e-01    4.37911e-01  
  2.47000e-05   2.25664e+05    2.44690e+05    3.74764e+04   -2.27287e-02   -9.76831e-02    4.41773e-01  
  2.48000e-05   1.34888e+05    3.04472e+05    3.60851e+04   -4.53554e-03   -6.99803e-02    4.45443e-01  
  2.49000e-05   2.91508e+04    3.31793e+05    3.55162e+04    3.74394e-03   -3.78795e-02    4.49018e-01  
  2.50000e-05  -8.01880e+04    3.23282e+05    3.54163e+04    1.17148e-03   -4.82655e-03    4.52562e-01  
  2.51000e-05  -1.81183e+05    2.79490e+05    3.53785e+04   -1.20150e-02    2.55899e-02    4.56103e-01  
  2.52000e-05  -2.62643e+05    2.04906e+05    3.49821e+04   -3.44098e-02    5.00348e-02    4.59625e-01  
  2.53000e-05  -3.15413e+05    1.07513e+05    3.38338e+04   -6.35799e-02    6.58024e-02    4.63074e-01  
  2.54000e-05  -3.33442e+05   -2.05852e+03    3.16087e+04   -9.63245e-02    7.11259e-02    4.66356e-01  
  2.55000e-05  -3.14514e+05   -1.11701e+05    2.80885e+04   -1.29025e-01    6.53862e-02    4.69352e-01  
  2.56000e-05  -2.60549e+05   -2.09186e+05    2.31920e+04   -1.58048e-01    4.91927e-02    4.71927e-01  
  2.57000e-05  -1.77443e+05   -2.83559e+05    1.69929e+04   -1.80154e-01    2.43248e-02    4.73946e-01  
  2.58000e-05  -7.44257e+04   -3.26412e+05    9.71989e+03   -1.92865e-01   -6.45992e-03    4.75289e-01  
  2.59000e-05   3.69705e+04   -3.32876e+05    1.73450e+03   -1.94755e-01   -3.97339e-02    4.75866e-01  
  2.60000e-05   1.44234e+05   -3.02206e+05   -6.51069e+03   -1.85608e-01   -7.17857e-02    4.75627e-01  
  2.61000e-05   2.35322e+05   -2.37875e+05   -1.45298e+04   -1.66451e-01   -9.90418e-02    4.74571e-01  
  2.62000e-05   3.00056e+05   -1.47166e+05   -2.18665e+04   -1.39429e-01   -1.18472e-01    4.72744e-01  
  2.63000e-05   3.31285e+05   -4.03123e+04   -2.81524e+04   -1.07566e-01   -1.27930e-01    4.70233e-01  
  2.64000e-05   3.25679e+05    7.07070e+04   -3.31498e+04   -7.44110e-02   -1.26393e-01    4.67156e-01  
  2.65000e-05   2.84064e+05    1.73547e+05   -3.67743e+04   -4.36415e-02   -1.14062e-01    4.63649e-01  
  2.66000e-05   2.11271e+05    2.56900e+05   -3.90959e+04   -1.86478e-02   -9.23372e-02    4.59845e-01  
  2.67000e-05   1.15535e+05    3.11745e+05   -4.03225e+04   -2.16028e-03   -6.36403e-02    4.55866e-01  
  2.68000e-05   7.52445e+03    3.32323e+05   -4.07695e+04    4.04492e-03   -3.11402e-02    4.51807e-01  
  2.69000e-05  -1.00889e+05    3.16718e+05   -4.08224e+04   -6.70481e-04    1.60744e-03    4.47726e-01  
  2.70000e-05  -1.97964e+05    2.67004e+05   -4.08961e+04   -1.57530e-02    3.10558e-02    4.43641e-01  
  2.71000e-05  -2.73387e+05    1.88938e+05   -4.13947e+04   -3.95364e-02    5.40539e-02    4.39532e-01  
  2.72000e-05  -3.19379e+05    9.12478e+04   -4.26714e+04   -6.94415e-02    6.81824e-02    4.35336e-01  
  2.73000e-05  -3.31491e+05   -1.54007e+04   -4.49946e+04   -1.02273e-01    7.20010e-02    4.30962e-01  
  2.74000e-05  -3.09003e+05   -1.19623e+05   -4.85191e+04   -1.34576e-01    6.51826e-02    4.26297e-01  
  2.75000e-05  -2.54882e+05   -2.10577e+05   -5.32682e+04   -1.63010e-01    4.85215e-02    4.21217e-01  
  2.76000e-05  -1.75336e+05   -2.79114e+05   -5.91296e+04   -1.84697e-01    2.38201e-02    4.15606e-01  
  2.77000e-05  -7.90243e+04   -3.18683e+05   -6.58672e+04   -1.97513e-01   -6.32802e-03    4.09362e-01  
  2.78000e-05   2.39583e+04   -3.25908e+05   -7.31493e+04   -2.00277e-01   -3.88296e-02    4.02414e-01  
  2.79000e-05   1.23182e+05   -3.00784e+05   -8.05886e+04   -1.92847e-01   -7.04223e-02    3.94726e-01  
  2.80000e-05   2.08953e+05   -2.46515e+05   -8.77894e+04   -1.76092e-01   -9.80066e-02    3.86304e-01  
  2.81000e-05   2.73226e+05   -1.69040e+05   -9.43939e+04   -1.51778e-01   -1.18945e-01    3.77188e-01  
  2.82000e-05   3.10301e+05   -7.63220e+04   -1.00120e+05   -1.22360e-01   -1.31302e-01    3.67454e-01  
  2.83000e-05   3.17251e+05    2.24955e+04   -1.04787e+05   -9.07294e-02   -1.34004e-01    3.57200e-01  
  2.84000e-05   2.94068e+05    1.17995e+05   -1.08327e+05   -5.99223e-02   -1.26913e-01    3.46535e-01  
  2.85000e-05   2.43545e+05    2.01361e+05   -1.10780e+05   -3.28344e-02   -1.10812e-01    3.35571e-01  
  2.86000e-05   1.70910e+05    2.65169e+05   -1.12280e+05   -1.19565e-02   -8.72975e-02    3.24411e-01  
  2.87000e-05   8.32665e+04    3.04008e+05   -1.13033e+05    8.42887e-04   -5.86161e-02    3.13140e-01  
  2.88000e-05  -1.11317e+04    3.14915e+05   -1.13289e+05    4.46929e-03   -2.74339e-02    3.01820e-01  
  2.89000e-05  -1.03678e+05    2.97556e+05   -1.13313e+05   -1.32192e-03    3.41760e-03    2.90490e-01  
  2.90000e-05  -1.86226e+05    2.54158e+05   -1.13364e+05   -1.59312e-02    3.12028e-02    2.79157e-01  
  2.91000e-05  -2.51821e+05    1.89191e+05   -1.13667e+05   -3.79984e-02    5.35247e-02    2.67808e-01  
  2.92000e-05  -2.95281e+05    1.08850e+05   -1.14400e+05   -6.55525e-02    6.85245e-02    2.56409e-01  
  2.93000e-05  -3.13574e+05    2.03935e+04   -1.15677e+05   -9.62098e-02    7.50219e-02    2.44910e-01  
  2.94000e-05  -3.05950e+05   -6.85708e+04   -1.17548e+05   -1.27397e-01    7.25859e-02    2.33254e-01  
  2.95000e-05  -2.73850e+05   -1.50772e+05   -1.19992e+05   -1.56578e-01    6.15345e-02    2.21381e-01  
  2.96000e-05  -2.20618e+05   -2.19863e+05   -1.22930e+05   -1.81458e-01    4.28711e-02    2.09238e-01  
  2.97000e-05  -1.51077e+05   -2.70858e+05   -1.26234e+05   -2.00155e-01    1.81688e-02    1.96783e-01  
  2.98000e-05  -7.10411e+04   -3.00404e+05   -1.29744e+05   -2.11321e-01   -1.05811e-02    1.83985e-01  
  2.99000e-05   1.31913e+04   -3.06892e+05   -1.33286e+05   -2.14222e-01   -4.11387e-02    1.70833e-01  
  3.00000e-05   9.53076e+04   -2.90435e+05   -1.36695e+05   -2.08754e-01   -7.11901e-02    1.57332e-01  
  3.01000e-05   1.69394e+05   -2.52738e+05   -1.39823e+05   -1.95429e-01   -9.85135e-02    1.43503e-01  
  3.02000e-05   2.30279e+05   -1.96900e+05   -1.42558e+05   -1.75317e-01   -1.21129e-01    1.29381e-01  
  3.03000e-05   2.73814e+05   -1.27164e+05   -1.44830e+05   -1.49955e-01   -1.37427e-01    1.15007e-01  
  3.04000e-05   2.97085e+05   -4.86326e+04   -1.46613e+05   -1.21234e-01   -1.46267e-01    1.00431e-01  
  3.05000e-05   2.98573e+05    3.30483e+04   -1.47923e+05   -9.12682e-02   -1.47048e-01    8.57002e-02  
  3.06000e-05   2.78248e+05    1.12036e+05   -1.48811e+05   -6.22505e-02   -1.39747e-01    7.08603e-02  
  3.07000e-05   2.37586e+05    1.82660e+05   -1.49354e+05   -3.63007e-02   -1.24920e-01    5.59495e-02  
  3.08000e-05   1.79506e+05    2.39799e+05   -1.49640e+05   -1.53178e-02   -1.03666e-01    4.09981e-02  
  3.09000e-05   1.08201e+05    2.79252e+05   -1.49761e+05   -8.43532e-04   -7.75530e-02    2.60270e-02  
  3.10000e-05   2.88698e+04    2.98069e+05   -1.49794e+05    6.05259e-03   -4.85077e-02    1.10488e-02  
  3.11000e-05  -5.26476e+04    2.94797e+05   -1.49797e+05    4.85643e-03   -1.86799e-02   -3.93079e-03  
  3.12000e-05  -1.30307e+05    2.69624e+05   -1.49797e+05   -4.34819e-03    9.71711e-03   -1.89105e-02  
  3.13000e-05  -1.98327e+05    2.24377e+05   -1.49788e+05   -2.08823e-02    3.45713e-02   -3.38899e-02  
  3.14000e-05  -2.51638e+05    1.62398e+05   -1.49734e+05   -4.35207e-02    5.40310e-02   -4.88667e-02  
  3.15000e-05  -2.86274e+05    8.82703e+04   -1.49566e+05   -7.05839e-02    6.66430e-02   -6.38329e-02  
  3.16000e-05  -2.99664e+05    7.46492e+03   -1.49197e+05   -1.00063e-01    7.14606e-02   -7.87731e-02  
  3.17000e-05  -2.90800e+05   -7.40802e+04   -1.48528e+05   -1.29770e-01    6.81106e-02   -9.36622e-02  
  3.18000e-05  -2.60286e+05   -1.50394e+05   -1.47463e+05   -1.57497e-01    5.68193e-02   -1.08465e-01  
  3.19000e-05  -2.10265e+05   -2.15888e+05   -1.45922e+05   -1.81173e-01    3.83940e-02   -1.23139e-01  
  3.20000e-05  -1.44259e+05   -2.65721e+05   -1.43852e+05   -1.99014e-01    1.41664e-02   -1.37632e-01  
  3.21000e-05  -6.69325e+04   -2.96112e+05   -1.41240e+05   -2.09645e-01   -1.40987e-02   -1.51891e-01  
  3.22000e-05   1.61951e+04   -3.04585e+05   -1.38117e+05   -2.12205e-01   -4.43214e-02   -1.65863e-01  
  3.23000e-05   9.90820e+04   -2.90146e+05   -1.34565e+05   -2.06413e-01   -7.42474e-02   -1.79500e-01  
  3.24000e-05   1.75529e+05   -2.53404e+05   -1.30710e+05   -1.92604e-01   -1.01602e-01   -1.92766e-01  
  3.25000e-05   2.39580e+05   -1.96604e+05   -1.26715e+05   -1.71722e-01   -1.24255e-01   -2.05637e-01  
  3.26000e-05   2.85942e+05   -1.23587e+05   -1.22765e+05   -1.45280e-01   -1.40379e-01   -2.18110e-01  
  3.27000e-05   3.10425e+05   -3.96224e+04   -1.19052e+05   -1.15267e-01   -1.48604e-01   -2.30198e-01  
  3.28000e-05   3.10355e+05    4.88689e+04   -1.15750e+05   -8.40187e-02   -1.48150e-01   -2.41934e-01  
  3.29000e-05   2.84923e+05    1.34741e+05   -1.13000e+05   -5.40473e-02   -1.38917e-01   -2.53367e-01  
  3.30000e-05   2.35426e+05    2.10672e+05   -1.10889e+05   -2.78423e-02   -1.21534e-01   -2.64555e-01  
  3.31000e-05   1.65327e+05    2.69803e+05   -1.09438e+05   -7.65454e-03   -9.73452e-02   -2.75566e-01  
  3.32000e-05   8.01128e+04    3.06417e+05   -1.08594e+05    4.71452e-03   -6.83285e-02   -2.86463e-01  
  3.33000e-05  -1.30830e+04    3.16569e+05   -1.08233e+05    8.09862e-03   -3.69498e-02   -2.97301e-01  
  3.34000e-05  -1.06062e+05    2.98582e+05   -1.08165e+05    2.10371e-03   -5.95960e-03   -3.08120e-01  
  3.35000e-05  -1.90302e+05    2.53354e+05   -1.08147e+05   -1.28217e-02    2.18514e-02   -3.18936e-01  
  3.36000e-05  -2.57787e+05    1.84391e+05   -1.07905e+05   -3.53952e-02    4.39132e-02   -3.29742e-01  
  3.37000e-05  -3.01812e+05    9.75850e+04   -1.07158e+05   -6.35921e-02    5.81290e-02   -3.40500e-01  
  3.38000e-05  -3.17702e+05    7.29987e+02   -1.05642e+05   -9.48132e-02    6.30912e-02   -3.51147e-01  
  3.39000e-05  -3.03338e+05   -9.71693e+04   -1.03142e+05   -1.26116e-01    5.82384e-02   -3.61595e-01  
  3.40000e-05  -2.59462e+05   -1.86730e+05   -9.95188e+04   -1.54489e-01    4.39359e-02   -3.71738e-01  
  3.41000e-05  -1.89710e+05   -2.59088e+05   -9.47341e+04   -1.77138e-01    2.14689e-02   -3.81460e-01  
  3.42000e-05  -1.00370e+05   -3.06788e+05   -8.88630e+04   -1.91771e-01   -7.05431e-03   -3.90648e-01  
  3.43000e-05   1.25469e+02   -3.24573e+05   -8.20983e+04   -1.96836e-01   -3.88841e-02   -3.99202e-01  
  3.44000e-05   1.01943e+05   -3.10013e+05   -7.47376e+04   -1.91700e-01   -7.08821e-02   -4.07047e-01  
  3.45000e-05   1.94783e+05   -2.63883e+05   -6.71554e+04   -1.76747e-01   -9.98253e-02   -4.14142e-01  
  3.46000e-05   2.68923e+05   -1.90241e+05   -5.97616e+04   -1.53370e-01   -1.22733e-01   -4.20485e-01  
  3.47000e-05   3.16277e+05   -9.61554e+04   -5.29532e+04   -1.23862e-01   -1.37185e-01   -4.26114e-01  
  3.48000e-05   3.31338e+05    8.91203e+03   -4.70653e+04   -9.12000e-02   -1.41593e-01   -4.31106e-01  
  3.49000e-05   3.11898e+05    1.14040e+05   -4.23302e+04   -5.87541e-02   -1.35398e-01   -4.35565e-01  
  3.50000e-05   2.59426e+05    2.08001e+05   -3.88506e+04   -2.99317e-02   -1.19158e-01   -4.39614e-01  
  3.51000e-05   1.79033e+05    2.80503e+05   -3.65890e+04   -7.80905e-03   -9.45180e-02   -4.43376e-01  
  3.52000e-05   7.90161e+04    3.23383e+05   -3.53747e+04    5.21334e-03   -6.40530e-02   -4.46967e-01  
  3.53000e-05  -2.99968e+04    3.31587e+05   -3.49239e+04    7.68968e-03   -3.10071e-02   -4.50477e-01  
  3.54000e-05  -1.36190e+05    3.03815e+05   -3.48696e+04   -6.93213e-04    1.05434e-03   -4.53965e-01  
  3.55000e-05  -2.27875e+05    2.42749e+05   -3.47989e+04   -1.90622e-02    2.86353e-02   -4.57450e-01  
  3.56000e-05  -2.94819e+05    1.54818e+05   -3.42927e+04   -4.54376e-02    4.86992e-02   -4.60910e-01  
  3.57000e-05  -3.29424e+05    4.95364e+04   -3.29670e+04   -7.69393e-02    5.90135e-02   -4.64281e-01  
  3.58000e-05  -3.27630e+05   -6.15312e+04   -3.05142e+04   -1.10098e-01    5.84098e-02   -4.67465e-01  
  3.59000e-05  -2.89427e+05   -1.66053e+05   -2.67399e+04   -1.41240e-01    4.69255e-02   -4.70339e-01  
  3.60000e-05  -2.18906e+05   -2.52326e+05   -2.15914e+04   -1.66896e-01    2.58113e-02   -4.72767e-01  
  3.61000e-05  -1.23844e+05   -3.10620e+05   -1.51724e+04   -1.84194e-01   -2.59982e-03   -4.74614e-01  
  3.62000e-05  -1.48440e+04   -3.34320e+05   -7.73917e+03   -1.91194e-01   -3.51496e-02   -4.75767e-01  
  3.63000e-05   9.58658e+04   -3.20714e+05    3.25510e+02   -1.87104e-01   -6.82088e-02   -4.76141e-01  
  3.64000e-05   1.95842e+05   -2.71326e+05    8.55806e+03   -1.72380e-01   -9.80881e-02   -4.75696e-01  
  3.65000e-05   2.73871e+05   -1.91746e+05    1.64735e+04   -1.48672e-01   -1.21457e-01   -4.74440e-01  
  3.66000e-05   3.21259e+05   -9.09697e+04    2.36283e+04   -1.18635e-01   -1.35723e-01   -4.72426e-01  
  3.67000e-05   3.32824e+05    1.96608e+04    2.96765e+04   -8.56249e-02   -1.39318e-01   -4.69751e-01  
  3.68000e-05   3.07451e+05    1.27777e+05    3.44086e+04   -5.33133e-02   -1.31874e-01   -4.66535e-01  
  3.69000e-05   2.48169e+05    2.21405e+05    3.77703e+04   -2.52760e-02   -1.14248e-01   -4.62915e-01  
  3.70000e-05   1.61753e+05    2.90310e+05    3.98599e+04   -4.59326e-03   -8.84228e-02   -4.59024e-01  
  3.71000e-05   5.79040e+04    3.27115e+05    4.09080e+04    6.48683e-03   -5.72653e-02   -4.54978e-01  
  3.72000e-05  -5.18776e+04    3.28080e+05    4.12463e+04    6.78645e-03   -2.42050e-02   -4.50866e-01  
  3.73000e-05  -1.55600e+05    2.93450e+05    4.12686e+04   -3.68641e-03    7.15328e-03   -4.46739e-01  
  3.74000e-05  -2.42115e+05    2.27359e+05    4.13905e+04   -2.37561e-02    3.34262e-02   -4.42609e-01  
  3.75000e-05  -3.02337e+05    1.37299e+05    4.20085e+04   -5.12262e-02    5.18180e-02   -4.38444e-01  
  3.76000e-05  -3.30196e+05    3.32125e+04    4.34619e+04   -8.31358e-02    6.04131e-02   -4.34179e-01  
  3.77000e-05  -3.23233e+05   -7.36517e+04    4.59988e+04   -1.16095e-01    5.83658e-02   -4.29715e-01  
  3.78000e-05  -2.82764e+05   -1.72011e+05    4.97496e+04   -1.46655e-01    4.59675e-02   -4.24938e-01  
  3.79000e-05  -2.13619e+05   -2.51774e+05    5.47116e+04   -1.71683e-01    2.45878e-02   -4.19724e-01  
  3.80000e-05  -1.23493e+05   -3.05081e+05    6.07477e+04   -1.88673e-01   -3.49864e-03   -4.13959e-01  
  3.81000e-05  -2.20165e+04   -3.27046e+05    6.76017e+04   -1.95999e-01   -3.53752e-02   -4.07547e-01  
  3.82000e-05   8.03397e+04   -3.16139e+05    7.49286e+04   -1.93046e-01   -6.78030e-02   -4.00423e-01  
  3.83000e-05   1.73371e+05   -2.74179e+05    8.23368e+04   -1.80243e-01   -9.75591e-02   -3.92559e-01  
  3.84000e-05   2.48150e+05   -2.05991e+05    8.94356e+04   -1.58984e-01   -1.21757e-01   -3.83966e-01  
  3.85000e-05   2.97837e+05   -1.18781e+05    9.58796e+04   -1.31456e-01   -1.38118e-01   -3.74693e-01  
  3.86000e-05   3.18229e+05   -2.13277e+04    1.01405e+05   -1.00401e-01   -1.45168e-01   -3.64821e-01  
  3.87000e-05   3.08035e+05    7.69153e+04    1.05853e+05   -6.88376e-02   -1.42356e-01   -3.54448e-01  
  3.88000e-05   2.68865e+05    1.66726e+05    1.09176e+05   -3.97674e-02   -1.30068e-01   -3.43688e-01  
  3.89000e-05   2.04963e+05    2.39953e+05    1.11433e+05   -1.58958e-02   -1.09567e-01   -3.32649e-01  
  3.90000e-05   1.22721e+05    2.90215e+05    1.12774e+05    6.08534e-04   -8.28480e-02   -3.21432e-01  
  3.91000e-05   3.00178e+04    3.13431e+05    1.13413e+05    8.29635e-03   -5.24320e-02   -3.10117e-01  
  3.92000e-05  -6.45564e+04    3.08104e+05    1.13604e+05    6.54857e-03   -2.11204e-02   -2.98764e-01  
  3.93000e-05  -1.52518e+05    2.75374e+05    1.13613e+05   -4.39349e-03    8.26837e-03   -2.87403e-01  
  3.94000e-05  -2.26270e+05    2.18805e+05    1.13692e+05   -2.34784e-02    3.31536e-02   -2.76039e-01  
  3.95000e-05  -2.79764e+05    1.43952e+05    1.14058e+05   -4.89677e-02    5.14151e-02   -2.64655e-01  
  3.96000e-05  -3.08977e+05    5.77475e+04    1.14876e+05   -7.86162e-02    6.15625e-02   -2.53212e-01  
  3.97000e-05  -3.12165e+05   -3.21983e+04    1.16250e+05   -1.09890e-01    6.28387e-02   -2.41661e-01  
  3.98000e-05  -2.89865e+05   -1.18323e+05    1.18214e+05   -1.40194e-01    5.52508e-02   -2.29942e-01  
  3.99000e-05  -2.44696e+05   -1.93759e+05    1.20737e+05   -1.67095e-01    3.95325e-02   -2.17999e-01  
  4.00000e-05  -1.80972e+05   -2.52855e+05    1.23730e+05   -1.88510e-01    1.70470e-02   -2.05779e-01  
  4.01000e-05  -1.04228e+05   -2.91527e+05    1.27058e+05   -2.02853e-01   -1.03534e-02   -1.93242e-01  
  4.02000e-05  -2.06951e+04   -3.07442e+05    1.30558e+05   -2.09128e-01   -4.04951e-02   -1.80362e-01  
  4.03000e-05   6.32040e+04   -3.00046e+05    1.34059e+05   -2.06979e-01   -7.10602e-02   -1.67130e-01  
  4.04000e-05   1.41304e+05   -2.70461e+05    1.37397e+05   -1.96681e-01   -9.97602e-02   -1.53555e-01  
  4.05000e-05   2.08078e+05   -2.21304e+05    1.40432e+05   -1.79098e-01   -1.24496e-01   -1.39661e-01  
  4.06000e-05   2.58945e+05   -1.56442e+05    1.43061e+05   -1.55599e-01   -1.43494e-01   -1.25482e-01  
  4.07000e-05   2.90500e+05   -8.07037e+04    1.45221e+05   -1.27956e-01   -1.55419e-01   -1.11064e-01  
  4.08000e-05   3.00688e+05    4.26945e+02    1.46896e+05   -9.82151e-02   -1.59454e-01   -9.64544e-02  
  4.09000e-05   2.88912e+05    8.11488e+04    1.48108e+05   -6.85549e-02   -1.55347e-01   -8.17006e-02  
  4.10000e-05   2.56074e+05    1.55698e+05    1.48914e+05   -4.11390e-02   -1.43430e-01   -6.68465e-02  
  4.11000e-05   2.04537e+05    2.18716e+05    1.49393e+05   -1.79674e-02   -1.24594e-01   -5.19288e-02  
  4.12000e-05   1.38004e+05    2.65619e+05    1.49637e+05   -7.34949e-04   -1.00227e-01   -3.69757e-02  
  4.13000e-05   6.12925e+04    2.92938e+05    1.49732e+05    9.29154e-03   -7.21262e-02   -2.20064e-02  
  4.14000e-05  -1.99901e+04    2.98601e+05    1.49755e+05    1.13696e-02   -4.23655e-02   -7.03165e-03  
  4.15000e-05  -9.98450e+04    2.82121e+05    1.49756e+05    5.34073e-03   -1.31486e-02    7.94394e-03  
  4.16000e-05  -1.72338e+05    2.44664e+05    1.49756e+05   -8.35312e-03    1.33550e-02    2.29195e-02  
  4.17000e-05  -2.32063e+05    1.88974e+05    1.49743e+05   -2.86992e-02    3.51724e-02    3.78947e-02  
  4.18000e-05  -2.74562e+05    1.19167e+05    1.49672e+05   -5.41884e-02    5.06759e-02    5.28662e-02  
  4.19000e-05  -2.96667e+05    4.04071e+04    1.49472e+05   -8.29280e-02    5.87049e-02    6.78248e-02  
  4.20000e-05  -2.96728e+05   -4.14928e+04    1.49052e+05   -1.12783e-01    5.86514e-02    8.27532e-02  
  4.21000e-05  -2.74710e+05   -1.20513e+05    1.48311e+05   -1.41533e-01    5.05024e-02    9.76244e-02  
  4.22000e-05  -2.32169e+05   -1.90859e+05    1.47156e+05   -1.67036e-01    3.48391e-02    1.12402e-01  
  4.23000e-05  -1.72121e+05   -2.47357e+05    1.45509e+05   -1.87380e-01    1.27944e-02    1.27039e-01  
  4.24000e-05  -9.88244e+04   -2.85788e+05    1.43326e+05   -2.01016e-01   -1.40269e-02    1.41485e-01  
  4.25000e-05  -1.74987e+04   -3.03164e+05    1.40600e+05   -2.06875e-01   -4.36576e-02    1.55686e-01  
  4.26000e-05   6.59938e+04   -2.97919e+05    1.37374e+05   -2.04442e-01   -7.39013e-02    1.69589e-01  
  4.27000e-05   1.45506e+05   -2.70045e+05    1.33737e+05   -1.93808e-01   -1.02482e-01    1.83147e-01  
  4.28000e-05   2.14988e+05   -2.21149e+05    1.29824e+05   -1.75676e-01   -1.27205e-01    1.96327e-01  
  4.29000e-05   2.68894e+05   -1.54433e+05    1.25804e+05   -1.51332e-01   -1.46114e-01    2.09108e-01  
  4.30000e-05   3.02599e+05   -7.45792e+04    1.21865e+05   -1.22575e-01   -1.57650e-01    2.21490e-01  
  4.31000e-05   3.12813e+05    1.24827e+04    1.18199e+05   -9.16002e-02   -1.60787e-01    2.33490e-01  
  4.32000e-05   2.97948e+05    9.99276e+04    1.14977e+05   -6.08533e-02   -1.55139e-01    2.45145e-01  
  4.33000e-05   2.58402e+05    1.80520e+05    1.12330e+05   -3.28392e-02   -1.41030e-01    2.56505e-01  
  4.34000e-05   1.96701e+05    2.47207e+05    1.10333e+05   -9.91726e-03   -1.19501e-01    2.67632e-01  
  4.35000e-05   1.17450e+05    2.93770e+05    1.08996e+05    5.91078e-03   -9.22630e-02    2.78594e-01  
  4.36000e-05   2.70682e+04    3.15473e+05    1.08251e+05    1.31977e-02   -6.15807e-02    2.89452e-01  
  4.37000e-05  -6.66921e+04    3.09629e+05    1.07960e+05    1.12095e-02   -3.00932e-02    3.00259e-01  
  4.38000e-05  -1.55418e+05    2.75989e+05    1.07922e+05    2.67892e-05   -5.88645e-04    3.11052e-01  
  4.39000e-05  -2.30826e+05    2.16911e+05    1.07886e+05   -1.94283e-02    2.42496e-02    3.21843e-01  
  4.40000e-05  -2.85584e+05    1.37255e+05    1.07574e+05   -4.54460e-02    4.21014e-02    3.32620e-01  
  4.41000e-05  -3.14078e+05    4.40113e+04    1.06705e+05   -7.56637e-02    5.12429e-02    3.43339e-01  
  4.42000e-05  -3.13032e+05   -5.42968e+04    1.05021e+05   -1.07270e-01    5.07320e-02    3.53933e-01  
  4.43000e-05  -2.81914e+05   -1.48393e+05    1.02320e+05   -1.37260e-01    4.05234e-02    3.64309e-01  
  4.44000e-05  -2.23089e+05   -2.29122e+05    9.84802e+04   -1.62721e-01    2.15010e-02    3.74359e-01  
  4.45000e-05  -1.41697e+05   -2.88350e+05    9.34824e+04   -1.81118e-01   -4.57989e-03    3.83966e-01  
  4.46000e-05  -4.52623e+04   -3.19796e+05    8.74250e+04   -1.90554e-01   -3.52364e-02    3.93020e-01  
  4.47000e-05   5.69517e+04   -3.19738e+05    8.05223e+04   -1.89975e-01   -6.74808e-02    4.01423e-01  
  4.48000e-05   1.54790e+05   -2.87500e+05    7.30895e+04   -1.79309e-01   -9.81023e-02    4.09106e-01  
  4.49000e-05   2.38199e+05   -2.25667e+05    6.55117e+04   -1.59500e-01   -1.23985e-01    4.16036e-01  
  4.50000e-05   2.98285e+05   -1.39975e+05    5.82006e+04   -1.32451e-01   -1.42432e-01    4.22217e-01  
  4.51000e-05   3.28308e+05   -3.88529e+04    5.15454e+04   -1.00853e-01   -1.51460e-01    4.27698e-01  
  4.52000e-05   3.24513e+05    6.73662e+04    4.58646e+04   -6.79262e-02   -1.50030e-01    4.32559e-01  
  4.53000e-05   2.86674e+05    1.67498e+05    4.13675e+04   -3.70950e-02   -1.38189e-01    4.36910e-01  
  4.54000e-05   2.18253e+05    2.50717e+05    3.81302e+04   -1.16206e-02   -1.17097e-01    4.40875e-01  
  4.55000e-05   1.26142e+05    3.07783e+05    3.60886e+04    5.75742e-03   -8.89240e-02    4.44576e-01  
  4.56000e-05   1.99951e+04    3.32137e+05    3.50482e+04    1.31339e-02   -5.66396e-02    4.48126e-01  
  4.57000e-05  -8.87962e+04    3.20705e+05    3.47063e+04    9.66549e-03   -2.37000e-02    4.51609e-01  
  4.58000e-05  -1.88349e+05    2.74336e+05    3.46841e+04   -4.31657e-03    6.32589e-03    4.55078e-01  
  4.59000e-05  -2.67627e+05    1.97782e+05    3.45640e+04   -2.73241e-02    3.01510e-02    4.58543e-01  
  4.60000e-05  -3.17707e+05    9.92256e+04    3.39303e+04   -5.68611e-02    4.51407e-02    4.61973e-01  
  4.61000e-05  -3.32821e+05   -1.05874e+04    3.24107e+04   -8.96900e-02    4.96155e-02    4.65299e-01  
  4.62000e-05  -3.11062e+05   -1.19531e+05    2.97168e+04   -1.22185e-01    4.30504e-02    4.68416e-01  
  4.63000e-05  -2.54649e+05   -2.15459e+05    2.56797e+04   -1.50736e-01    2.61452e-02    4.71197e-01  
  4.64000e-05  -1.69732e+05   -2.87586e+05    2.02764e+04   -1.72155e-01    7.57686e-04    4.73505e-01  
  4.65000e-05  -6.57287e+04   -3.27746e+05    1.36415e+04   -1.84039e-01   -3.02977e-02    4.75210e-01  
  4.66000e-05   4.57250e+04   -3.31352e+05    6.05836e+03   -1.85048e-01   -6.35622e-02    4.76201e-01  
  4.67000e-05   1.52107e+05   -2.97957e+05   -2.07029e+03   -1.75062e-01   -9.53230e-02    4.76403e-01  
  4.68000e-05   2.41456e+05   -2.31323e+05   -1.02718e+04   -1.55198e-01   -1.22035e-01    4.75785e-01  
  4.69000e-05   3.03763e+05   -1.38983e+05   -1.80646e+04   -1.27679e-01   -1.40721e-01    4.74362e-01  
  4.70000e-05   3.32119e+05   -3.13587e+04   -2.50202e+04   -9.55865e-02   -1.49315e-01    4.72200e-01  
  4.71000e-05   3.23491e+05    7.94632e+04   -3.08171e+04   -6.24995e-02   -1.46884e-01    4.69397e-01  
  4.72000e-05   2.79027e+05    1.81130e+05   -3.52753e+04   -3.20941e-02   -1.33729e-01    4.66081e-01  
  4.73000e-05   2.03872e+05    2.62431e+05   -3.83713e+04   -7.72745e-03   -1.11341e-01    4.62388e-01  
  4.74000e-05   1.06533e+05    3.14542e+05   -4.02313e+04    7.93278e-03   -8.22235e-02    4.58448e-01  
  4.75000e-05  -2.13173e+03    3.31976e+05   -4.11086e+04    1.31966e-02   -4.95989e-02    4.54374e-01  
  4.76000e-05  -1.10154e+05    3.13140e+05   -4.13499e+04    7.52647e-03   -1.70482e-02    4.50248e-01  
  4.77000e-05  -2.05806e+05    2.60446e+05   -4.13567e+04   -8.41953e-03    1.18899e-02    4.46112e-01  
  4.78000e-05  -2.78897e+05    1.79965e+05   -4.15437e+04   -3.28772e-02    3.41055e-02    4.41970e-01  
  4.79000e-05  -3.21862e+05    8.06878e+04   -4.22990e+04   -6.31866e-02    4.72495e-02    4.37784e-01  
  4.80000e-05  -3.30542e+05   -2.65330e+04   -4.39464e+04   -9.60970e-02    4.99746e-02    4.33480e-01  
  4.81000e-05  -3.04551e+05   -1.30223e+05   -4.67125e+04   -1.28129e-01    4.20604e-02    4.28957e-01  
  4.82000e-05  -2.47212e+05   -2.19558e+05   -5.07021e+04   -1.55953e-01    2.44115e-02    4.24096e-01  
  4.83000e-05  -1.65071e+05   -2.85511e+05   -5.58858e+04   -1.76737e-01   -1.06592e-03    4.18776e-01  
  4.84000e-05  -6.70782e+04   -3.21762e+05   -6.21012e+04   -1.88433e-01   -3.16927e-02    4.12884e-01  
  4.85000e-05   3.64598e+04   -3.25246e+05   -6.90719e+04   -1.89965e-01   -6.43171e-02    4.06330e-01  
  4.86000e-05   1.35012e+05   -2.96332e+05   -7.64401e+04   -1.81308e-01   -9.56529e-02    3.99056e-01  
  4.87000e-05   2.18908e+05   -2.38617e+05   -8.38110e+04   -1.63454e-01   -1.22615e-01    3.91042e-01  
  4.88000e-05   2.80256e+05   -1.58409e+05   -9.07994e+04   -1.38283e-01   -1.42620e-01    3.82307e-01  
  4.89000e-05   3.13630e+05   -6.39770e+04   -9.70739e+04   -1.08343e-01   -1.53818e-01    3.72906e-01  
  4.90000e-05   3.16460e+05    3.53347e+04   -1.02390e+05   -7.65832e-02   -1.55251e-01    3.62924e-01  
  4.91000e-05   2.89143e+05    1.30033e+05   -1.06611e+05   -4.60636e-02   -1.46906e-01    3.52465e-01  
  4.92000e-05   2.34876e+05    2.11361e+05   -1.09711e+05   -1.96603e-02   -1.29692e-01    3.41639e-01  
  4.93000e-05   1.59254e+05    2.72070e+05   -1.11770e+05    1.93856e-04   -1.05325e-01    3.30557e-01  
  4.94000e-05   6.96618e+04    3.07025e+05   -1.12950e+05    1.17206e-02   -7.61430e-02    3.19315e-01  
  4.95000e-05  -2.54574e+04    3.13606e+05   -1.13477e+05    1.39399e-02   -4.48732e-02    3.07989e-01  
  4.96000e-05  -1.17420e+05    2.91854e+05   -1.13609e+05    6.73450e-03   -1.43733e-02    2.96633e-01  
  4.97000e-05  -1.98109e+05    2.44372e+05   -1.13611e+05   -9.16608e-03    1.26334e-02    2.85272e-01  
  4.98000e-05  -2.60705e+05    1.75984e+05   -1.13729e+05   -3.22802e-02    3.37988e-02    2.73906e-01  
  4.99000e-05  -3.00253e+05    9.31855e+04   -1.14172e+05   -6.05335e-02    4.73459e-02    2.62515e-01  
  5.00000e-05  -3.14025e+05    3.46881e+03   -1.15093e+05   -9.14656e-02    5.22032e-02    2.51056e-01  
  5.01000e-05  -3.01632e+05   -8.54170e+04   -1.16582e+05   -1.22460e-01    4.80672e-02    2.39477e-01  
  5.02000e-05  -2.64910e+05   -1.66166e+05   -1.18660e+05   -1.50975e-01    3.53926e-02    2.27720e-01  
  5.03000e-05  -2.07600e+05   -2.32510e+05   -1.21283e+05   -1.74751e-01    1.53172e-02    2.15727e-01  
  5.04000e-05  -1.34888e+05   -2.79659e+05   -1.24353e+05   -1.91978e-01   -1.04655e-02    2.03448e-01  
  5.05000e-05  -5.28822e+04   -3.04559e+05   -1.27727e+05   -2.01417e-01   -3.98683e-02    1.90846e-01  
  5.06000e-05   3.19241e+04   -3.05979e+05   -1.31240e+05   -2.02461e-01   -7.05898e-02    1.77898e-01  
  5.07000e-05   1.13147e+05   -2.84454e+05   -1.34720e+05   -1.95152e-01   -1.00295e-01    1.64599e-01  
  5.08000e-05   1.84930e+05   -2.42116e+05   -1.38007e+05   -1.80148e-01   -1.26783e-01    1.50960e-01  
  5.09000e-05   2.42289e+05   -1.82453e+05   -1.40968e+05   -1.58649e-01   -1.48137e-01    1.37008e-01  
  5.10000e-05   2.81363e+05   -1.10024e+05   -1.43507e+05   -1.32303e-01   -1.62845e-01    1.22781e-01  
  5.11000e-05   2.99607e+05   -3.01454e+04   -1.45571e+05   -1.03075e-01   -1.69892e-01    1.08323e-01  
  5.12000e-05   2.95912e+05    5.14445e+04   -1.47151e+05   -7.31167e-02   -1.68816e-01    9.36827e-02  
  5.13000e-05   2.70655e+05    1.28930e+05   -1.48277e+05   -4.46155e-02   -1.59740e-01    7.89077e-02  
  5.14000e-05   2.25691e+05    1.96778e+05   -1.49011e+05   -1.96467e-02   -1.43353e-01    6.40404e-02  
  5.15000e-05   1.64253e+05    2.50103e+05   -1.49437e+05   -3.00178e-05   -1.20870e-01    4.91158e-02  
  5.16000e-05   9.07678e+04    2.85008e+05   -1.49645e+05    1.27995e-02   -9.39495e-02    3.41603e-02  
  5.17000e-05   1.05737e+04    2.98887e+05   -1.49721e+05    1.78979e-02   -6.45738e-02    1.91912e-02  
  5.18000e-05  -7.04448e+04    2.90650e+05   -1.49736e+05    1.48859e-02   -3.49138e-02    4.21813e-03  
  5.19000e-05  -1.46292e+05    2.60841e+05   -1.49736e+05    3.98176e-03   -7.16741e-03   -1.07555e-02  
  5.20000e-05  -2.11319e+05    2.11621e+05   -1.49735e+05   -1.40101e-02    1.66031e-02   -2.57290e-02  
  5.21000e-05  -2.60669e+05    1.46615e+05   -1.49715e+05   -3.77567e-02    3.46269e-02   -4.07019e-02  
  5.22000e-05  -2.90657e+05    7.06359e+04   -1.49626e+05   -6.54949e-02    4.55576e-02   -5.56699e-02  
  5.23000e-05  -2.99042e+05   -1.06946e+04   -1.49391e+05   -9.51637e-02    4.85741e-02   -7.06223e-02  
  5.24000e-05  -2.85187e+05   -9.13774e+04   -1.48917e+05   -1.24557e-01    4.34399e-02   -8.55401e-02  
  5.25000e-05  -2.50076e+05   -1.65483e+05   -1.48103e+05   -1.51488e-01    3.05186e-02   -1.00394e-01  
  5.26000e-05  -1.96218e+05   -2.27568e+05   -1.46859e+05   -1.73944e-01    1.07458e-02   -1.15146e-01  
  5.27000e-05  -1.27453e+05   -2.73046e+05   -1.45112e+05   -1.90232e-01   -1.44386e-02   -1.29749e-01  
  5.28000e-05  -4.86838e+04   -2.98473e+05   -1.42825e+05   -1.99098e-01   -4.31914e-02   -1.44151e-01  
  5.29000e-05   3.44399e+04   -3.01775e+05   -1.40001e+05   -1.99822e-01   -7.33916e-02   -1.58296e-01  
  5.30000e-05   1.15869e+05   -2.82390e+05   -1.36691e+05   -1.92266e-01   -1.02786e-01   -1.72134e-01  
  5.31000e-05   1.89527e+05   -2.41341e+05   -1.32995e+05   -1.76908e-01   -1.29143e-01   -1.85621e-01  
  5.32000e-05   2.49702e+05   -1.81237e+05   -1.29054e+05   -1.54812e-01   -1.50414e-01   -1.98725e-01  
  5.33000e-05   2.91446e+05   -1.06188e+05   -1.25042e+05   -1.27585e-01   -1.64888e-01   -2.11430e-01  
  5.34000e-05   3.10977e+05   -2.16157e+04   -1.21151e+05   -9.72677e-02   -1.71332e-01   -2.23737e-01  
  5.35000e-05   3.06051e+05    6.60392e+04   -1.17567e+05   -6.62095e-02   -1.69107e-01   -2.35670e-01  
  5.36000e-05   2.76274e+05    1.49741e+05   -1.14457e+05   -3.68915e-02   -1.58255e-01   -2.47267e-01  
  5.37000e-05   2.23294e+05    2.22392e+05   -1.11940e+05   -1.17339e-02   -1.39528e-01   -2.58581e-01  
  5.38000e-05   1.50845e+05    2.77445e+05   -1.10081e+05    7.11293e-03   -1.14366e-01   -2.69677e-01  
  5.39000e-05   6.45737e+04    3.09555e+05   -1.08872e+05    1.79698e-02   -8.48087e-02   -2.80619e-01  
  5.40000e-05  -2.83346e+04    3.15164e+05   -1.08233e+05    1.98034e-02   -5.33447e-02   -2.91470e-01  
  5.41000e-05  -1.19742e+05    2.92985e+05   -1.08013e+05    1.23518e-02   -2.27089e-02   -3.02280e-01  
  5.42000e-05  -2.01291e+05    2.44258e+05   -1.07998e+05   -3.81532e-03    4.36029e-03   -3.13080e-01  
  5.43000e-05  -2.65217e+05    1.72780e+05   -1.07932e+05   -2.73157e-02    2.53777e-02   -3.23878e-01  
  5.44000e-05  -3.05144e+05    8.46466e+04   -1.07533e+05   -5.60536e-02    3.83557e-02   -3.34655e-01  
  5.45000e-05  -3.16769e+05   -1.22467e+04   -1.06524e+05   -8.73943e-02    4.20113e-02   -3.45364e-01  
  5.46000e-05  -2.98370e+05   -1.08909e+05   -1.04656e+05   -1.18399e-01    3.59125e-02   -3.55931e-01  
  5.47000e-05  -2.51066e+05   -1.96092e+05   -1.01740e+05   -1.46097e-01    2.05465e-02   -3.66260e-01  
  5.48000e-05  -1.78815e+05   -2.65181e+05   -9.76738e+04   -1.67773e-01   -2.69928e-03   -3.76240e-01  
  5.49000e-05  -8.81342e+04   -3.09059e+05   -9.24608e+04   -1.81239e-01   -3.16437e-02   -3.85756e-01  
  5.50000e-05   1.24355e+04   -3.22868e+05   -8.62225e+04   -1.85066e-01   -6.35014e-02   -3.94698e-01  
  5.51000e-05   1.13086e+05   -3.04583e+05   -7.91948e+04   -1.78748e-01   -9.51390e-02   -4.02974e-01  
  5.52000e-05   2.03674e+05   -2.55351e+05   -7.17095e+04   -1.62785e-01   -1.23378e-01   -4.10521e-01  
  5.53000e-05   2.74739e+05   -1.79526e+05   -6.41602e+04   -1.38668e-01   -1.45314e-01   -4.17313e-01  
  5.54000e-05   3.18534e+05   -8.43673e+04   -5.69580e+04   -1.08753e-01   -1.58631e-01   -4.23365e-01  
  5.55000e-05   3.29927e+05    2.05935e+04   -5.04812e+04   -7.60493e-02   -1.61856e-01   -4.28729e-01  
  5.56000e-05   3.07081e+05    1.24484e+05   -4.50292e+04   -4.39185e-02   -1.54547e-01   -4.33495e-01  
  5.57000e-05   2.51794e+05    2.16233e+05   -4.07861e+04   -1.57246e-02   -1.37366e-01   -4.37775e-01  
  5.58000e-05   1.69444e+05    2.85794e+05   -3.78003e+04    5.52908e-03   -1.12044e-01   -4.41694e-01  
  5.59000e-05   6.84989e+04    3.25315e+05   -3.59806e+04    1.75372e-02   -8.12162e-02   -4.45374e-01  
  5.60000e-05  -4.03396e+04    3.30083e+05   -3.51089e+04    1.89614e-02   -4.81497e-02   -4.48922e-01  
  5.61000e-05  -1.45293e+05    2.99144e+05   -3.48651e+04    9.59792e-03   -1.64007e-02   -4.52417e-01  
  5.62000e-05  -2.34814e+05    2.35495e+05   -3.48596e+04   -9.57992e-03    1.05781e-02   -4.55903e-01  
  5.63000e-05  -2.98902e+05    1.45822e+05   -3.46720e+04   -3.65109e-02    2.98216e-02   -4.59383e-01  
  5.64000e-05  -3.30262e+05    3.98056e+04   -3.38923e+04   -6.82604e-02    3.91909e-02   -4.62817e-01  
  5.65000e-05  -3.25176e+05   -7.09256e+04   -3.21618e+04   -1.01338e-01    3.76221e-02   -4.66129e-01  
  5.66000e-05  -2.83974e+05   -1.74089e+05   -2.92133e+04   -1.32080e-01    2.52583e-02   -4.69209e-01  
  5.67000e-05  -2.11058e+05   -2.58135e+05   -2.49052e+04   -1.57065e-01    3.44562e-03   -4.71926e-01  
  5.68000e-05  -1.14447e+05   -3.13574e+05   -1.92458e+04   -1.73493e-01   -2.54077e-02   -4.74144e-01  
  5.69000e-05  -4.89962e+03   -3.34092e+05   -1.24004e+04   -1.79517e-01   -5.80952e-02   -4.75735e-01  
  5.70000e-05   1.05301e+05   -3.17305e+05   -4.67931e+03   -1.74449e-01   -9.09712e-02   -4.76594e-01  
  5.71000e-05   2.03759e+05   -2.65068e+05    3.49639e+03   -1.58850e-01   -1.20363e-01   -4.76655e-01  
  5.72000e-05   2.79403e+05   -1.83267e+05    1.16473e+04   -1.34464e-01   -1.42989e-01   -4.75896e-01  
  5.73000e-05   3.23774e+05   -8.11436e+04    1.92975e+04   -1.04020e-01   -1.56331e-01   -4.74342e-01  
  5.74000e-05   3.31992e+05    2.97965e+04    2.60364e+04   -7.09245e-02   -1.58919e-01   -4.72067e-01  
  5.75000e-05   3.03288e+05    1.37121e+05    3.15684e+04   -3.88643e-02   -1.50492e-01   -4.69175e-01  
  5.76000e-05   2.41049e+05    2.28905e+05    3.57447e+04   -1.13957e-02   -1.32016e-01   -4.65798e-01  
  5.77000e-05   1.52381e+05    2.95077e+05    3.85730e+04    8.45536e-03   -1.05571e-01   -4.62072e-01  
  5.78000e-05   4.72485e+04    3.28522e+05    4.02072e+04    1.85252e-02   -7.41011e-02   -4.58124e-01  
  5.79000e-05  -6.26792e+04    3.25839e+05    4.09226e+04    1.77422e-02   -4.10816e-02   -4.54061e-01  
  5.80000e-05  -1.65359e+05    2.87647e+05    4.10804e+04    6.23160e-03   -1.01279e-02   -4.49958e-01  
  5.81000e-05  -2.49716e+05    2.18458e+05    4.10882e+04   -1.47147e-02    1.54045e-02   -4.45850e-01  
  5.82000e-05  -3.06851e+05    1.26097e+05    4.13589e+04   -4.27970e-02    3.27833e-02   -4.41731e-01  
  5.83000e-05  -3.30981e+05    2.07704e+04    4.22707e+04   -7.49755e-02    4.01866e-02   -4.37556e-01  
  5.84000e-05  -3.20004e+05   -8.61087e+04    4.41304e+04   -1.07813e-01    3.68838e-02   -4.33245e-01  
  5.85000e-05  -2.75636e+05   -1.83209e+05    4.71416e+04   -1.37853e-01    2.32924e-02   -4.28691e-01  
  5.86000e-05  -2.03110e+05   -2.60515e+05    5.13828e+04   -1.61993e-01    9.06619e-04   -4.23775e-01  
  5.87000e-05  -1.10490e+05   -3.10365e+05    5.67964e+04   -1.77799e-01   -2.78881e-02   -4.18375e-01  
  5.88000e-05  -7.70389e+03   -3.28185e+05    6.31945e+04   -1.83748e-01   -6.00899e-02   -4.12383e-01  
  5.89000e-05   9.45860e+04   -3.12844e+05    7.02806e+04   -1.79355e-01   -9.24105e-02   -4.05713e-01  
  5.90000e-05   1.86120e+05   -2.66609e+05    7.76849e+04   -1.65191e-01   -1.21620e-01   -3.98315e-01  
  5.91000e-05   2.58065e+05   -1.94757e+05    8.50100e+04   -1.42789e-01   -1.44871e-01   -3.90178e-01  
  5.92000e-05   3.03822e+05   -1.04899e+05    9.18778e+04   -1.14458e-01   -1.59966e-01   -3.81329e-01  
  5.93000e-05   3.19556e+05   -6.12494e+03    9.79719e+04   -8.30328e-02   -1.65550e-01   -3.71829e-01  
  5.94000e-05   3.04427e+05    9.19346e+04    1.03069e+05   -5.15834e-02   -1.61214e-01   -3.61768e-01  
  5.95000e-05   2.60532e+05    1.80034e+05    1.07054e+05   -2.31140e-02   -1.47497e-01   -3.51252e-01  
  5.96000e-05   1.92584e+05    2.50153e+05    1.09926e+05   -2.85394e-04   -1.25810e-01   -3.40394e-01  
  5.97000e-05   1.07378e+05    2.96180e+05    1.11782e+05    1.48225e-02   -9.82753e-02   -3.29301e-01  
  5.98000e-05   1.30892e+04    3.14406e+05    1.12802e+05    2.08844e-02   -6.75079e-02   -3.18066e-01  
  5.99000e-05  -8.15214e+04    3.03778e+05    1.13221e+05    1.74288e-02   -3.63631e-02   -3.06761e-01  
  6.00000e-05  -1.67938e+05    2.65903e+05    1.13301e+05    4.85462e-03   -7.66746e-03   -2.95433e-01  
