0.000e+00   0.00000e+00    1.00000e+00    0.00000e+00    0.00000e+00    0.00000e+00    0.00000e+00  
1.000e-02  -7.55062e+06   -1.24623e+08    0.00000e+00   -3.77759e+04   -6.23113e+05    0.00000e+00  
2.000e-02  -7.55062e+06   -1.24623e+08    0.00000e+00   -1.13282e+05   -1.86934e+06    0.00000e+00  
3.000e-02  -7.55062e+06   -1.24623e+08    0.00000e+00   -1.88788e+05   -3.11557e+06    0.00000e+00  
4.000e-02  -7.55062e+06   -1.24623e+08    0.00000e+00   -2.64295e+05   -4.36179e+06    0.00000e+00  
5.000e-02  -7.55062e+06   -1.24623e+08    0.00000e+00   -3.39801e+05   -5.60802e+06    0.00000e+00  
6.000e-02  -7.55062e+06   -1.24623e+08    0.00000e+00   -4.15307e+05   -6.85424e+06    0.00000e+00  
7.000e-02  -7.55062e+06   -1.24623e+08    0.00000e+00   -4.90813e+05   -8.10047e+06    0.00000e+00  
8.000e-02  -7.55062e+06   -1.24623e+08    0.00000e+00   -5.66319e+05   -9.34670e+06    0.00000e+00  
9.000e-02  -7.55062e+06   -1.24623e+08    0.00000e+00   -6.41826e+05   -1.05929e+07    0.00000e+00  
1.000e-01  -7.55062e+06   -1.24623e+08    0.00000e+00   -7.17332e+05   -1.18392e+07    0.00000e+00  
